chz1 100,chz1 100
-0.001188799,0
-0.001171702,0
-0.001154638,0
-0.001137607,0
-0.001120609,0
-0.001103643,0
-0.00108671,0
-0.001069809,0
-0.001052941,0
-0.001036105,0
-0.001019302,0
-0.001002531,0
-0.000985792,0
-0.000969085,0
-0.00095241,0
-0.000935767,0
-0.000919157,0
-0.000902578,0
-0.000886031,0
-0.000869516,0
-0.000853032,0
-0.000836581,0
-0.00082016,0
-0.000803772,0
-0.000787415,0
-0.000771089,0
-0.000754795,0
-0.000738532,0
-0.000722301,0
-0.0007061,0
-0.000689931,0
-0.000673793,0
-0.000657686,0
-0.00064161,0
-0.000625565,0
-0.000609551,0
-0.000593567,0
-0.000577614,0
-0.000561693,0
-0.000545801,0
-0.00052994,0
-0.00051411,0
-0.000498311,0
-0.000482541,0
-0.000466802,0
-0.000451094,0
-0.000435415,0
-0.000419767,0
-4.04E-04,0
-3.89E-04,0
-3.73E-04,0
-3.57E-04,0
-3.42E-04,0
-3.27E-04,0
-3.11E-04,0
-2.96E-04,0
-2.80E-04,0
-2.65E-04,0
-2.50E-04,0
-2.34E-04,0
-2.19E-04,0
-2.04E-04,0
-1.89E-04,0
-1.73E-04,0
-1.58E-04,0
-1.43E-04,0
-1.28E-04,0
-1.13E-04,0
-9.80E-05,0
-8.30E-05,0
-6.81E-05,0
-5.31E-05,0
-3.82E-05,0
-2.33E-05,0
-8.47E-06,0
6.36E-06,0
2.12E-05,0
3.59E-05,0
5.07E-05,0
6.54E-05,0
8.01E-05,0
9.47E-05,0
1.09E-04,0
1.24E-04,0
1.39E-04,0
1.53E-04,0
1.68E-04,0
1.82E-04,0
1.97E-04,0
2.11E-04,0
2.25E-04,0
2.40E-04,0
2.54E-04,0
2.68E-04,0
2.83E-04,0
2.97E-04,0
3.11E-04,0
3.25E-04,0
3.40E-04,0
3.54E-04,0
3.68E-04,0
3.82E-04,0
3.96E-04,0
4.10E-04,0
4.24E-04,0
4.38E-04,0
4.52E-04,0
4.66E-04,0
4.80E-04,0
4.94E-04,0
5.08E-04,0
5.21E-04,0
5.35E-04,0
5.49E-04,0
5.63E-04,0
5.77E-04,0
5.90E-04,0
6.04E-04,0
6.18E-04,0
6.31E-04,0
6.45E-04,0
6.58E-04,0
6.72E-04,0
6.85E-04,0
6.99E-04,0
7.12E-04,0
7.26E-04,0
7.39E-04,0
7.53E-04,0
7.66E-04,0
7.79E-04,0
7.93E-04,0
8.06E-04,0
8.19E-04,0
8.32E-04,0
8.46E-04,0
8.59E-04,0
8.72E-04,0
8.85E-04,0
8.98E-04,0
9.11E-04,0
9.24E-04,0
9.37E-04,0
9.50E-04,0
9.63E-04,0
9.76E-04,0
9.89E-04,0
1.00E-03,0
1.02E-03,0
1.03E-03,0
1.04E-03,0
1.05E-03,0
1.07E-03,0
1.08E-03,0
1.09E-03,0
1.10E-03,0
1.12E-03,0
1.13E-03,0
1.14E-03,0
1.16E-03,0
1.17E-03,0
1.18E-03,0
1.19E-03,0
1.21E-03,0
1.22E-03,0
1.23E-03,0
1.24E-03,0
1.26E-03,0
1.27E-03,0
1.28E-03,0
1.29E-03,0
1.30E-03,0
1.32E-03,0
1.33E-03,0
1.34E-03,0
1.35E-03,0
1.37E-03,0
1.38E-03,0
1.39E-03,0
1.40E-03,0
1.41E-03,0
1.43E-03,0
1.44E-03,0
1.45E-03,0
1.46E-03,0
1.47E-03,0
1.49E-03,0
1.50E-03,0
1.51E-03,0
1.52E-03,0
1.53E-03,0
1.55E-03,0
1.56E-03,0
1.57E-03,0
1.58E-03,0
1.59E-03,0
1.61E-03,0
1.62E-03,0
1.63E-03,0
1.64E-03,0
1.65E-03,0
1.66E-03,0
1.68E-03,0
1.69E-03,0
1.70E-03,0
1.71E-03,0
1.72E-03,0
1.73E-03,0
1.74E-03,0
1.76E-03,0
1.77E-03,0
1.78E-03,0
1.79E-03,0
1.80E-03,0
1.81E-03,0
1.82E-03,0
1.84E-03,0
1.85E-03,0
1.86E-03,0
1.87E-03,0
1.88E-03,0
1.89E-03,0
1.90E-03,0
1.91E-03,0
1.93E-03,0
1.94E-03,0
1.95E-03,0
1.96E-03,0
1.97E-03,0
1.98E-03,0
1.99E-03,0
2.00E-03,0
2.01E-03,0
2.03E-03,0
2.04E-03,0
2.05E-03,0
2.06E-03,0
2.07E-03,0
2.08E-03,0
2.09E-03,0
2.10E-03,0
2.11E-03,0
2.12E-03,0
2.13E-03,0
2.14E-03,0
2.16E-03,0
2.17E-03,0
2.18E-03,0
2.19E-03,0
2.20E-03,0
2.21E-03,0
2.22E-03,0
2.23E-03,0
2.24E-03,0
2.25E-03,0
2.26E-03,0
2.27E-03,0
2.28E-03,0
2.29E-03,0
2.30E-03,0
2.31E-03,0
2.32E-03,0
2.33E-03,0
2.34E-03,0
2.36E-03,0
2.37E-03,0
2.38E-03,0
2.39E-03,0
2.40E-03,0
2.41E-03,0
2.42E-03,0
2.43E-03,0
2.44E-03,0
2.45E-03,0
2.46E-03,0
2.47E-03,0
2.48E-03,0
2.49E-03,0
2.50E-03,0
2.51E-03,0
2.52E-03,0
2.53E-03,0
2.54E-03,0
2.55E-03,0
2.56E-03,0
2.57E-03,0
2.58E-03,0
2.59E-03,0
2.60E-03,0
2.61E-03,0
2.62E-03,0
2.63E-03,0
2.64E-03,0
2.65E-03,0
2.66E-03,0
2.67E-03,0
2.68E-03,0
2.69E-03,0
2.70E-03,0
2.71E-03,0
2.72E-03,0
2.73E-03,0
2.74E-03,0
2.74E-03,0
2.75E-03,0
2.76E-03,0
2.77E-03,0
2.78E-03,0
2.79E-03,0
2.80E-03,0
2.81E-03,0
2.82E-03,0
2.83E-03,0
2.84E-03,0
2.85E-03,0
2.86E-03,0
2.87E-03,0
2.88E-03,0
2.89E-03,0
2.90E-03,0
2.91E-03,0
2.92E-03,0
2.92E-03,0
2.93E-03,0
2.94E-03,0
2.95E-03,0
2.96E-03,0
2.97E-03,0
2.98E-03,0
2.99E-03,0
3.00E-03,0
3.01E-03,0
3.02E-03,0
3.03E-03,0
3.04E-03,0
3.04E-03,0
3.05E-03,0
3.06E-03,0
3.07E-03,0
3.08E-03,0
3.09E-03,0
3.10E-03,0
3.11E-03,0
3.12E-03,0
3.13E-03,0
3.13E-03,0
3.14E-03,0
3.15E-03,0
3.16E-03,0
3.17E-03,0
3.18E-03,0
3.19E-03,0
3.20E-03,0
3.21E-03,0
3.21E-03,0
3.22E-03,0
3.23E-03,0
3.24E-03,0
3.25E-03,0
3.26E-03,0
3.27E-03,0
3.28E-03,0
3.28E-03,0
3.29E-03,0
3.30E-03,0
3.31E-03,0
3.32E-03,0
3.33E-03,0
3.34E-03,0
3.35E-03,0
3.35E-03,0
3.36E-03,0
3.37E-03,0
3.38E-03,0
3.39E-03,0
3.40E-03,0
3.41E-03,0
3.41E-03,0
3.42E-03,0
3.43E-03,0
3.44E-03,0
3.45E-03,0
3.46E-03,0
3.46E-03,0
3.47E-03,0
3.48E-03,0
3.49E-03,0
3.50E-03,0
3.51E-03,0
3.51E-03,0
3.52E-03,0
3.53E-03,0
3.54E-03,0
3.55E-03,0
3.56E-03,0
3.56E-03,0
3.57E-03,0
3.58E-03,0
3.59E-03,0
3.60E-03,0
3.60E-03,0
3.61E-03,0
3.62E-03,0
3.63E-03,0
3.64E-03,0
3.65E-03,0
3.65E-03,0
3.66E-03,0
3.67E-03,0
0.003677914,0
0.003685957,0
0.003693986,0
0.003702003,0
0.003710007,0
0.003717999,0
0.003725978,0
0.003733944,0
0.003741897,0
0.003749839,0
0.003757767,0
0.003765684,0
0.003773587,0
0.003781479,0
0.003789358,0
0.003797225,0
0.00380508,0
0.003812922,0
0.003820753,0
0.003828571,0
0.003836377,0
0.003844171,0
0.003851953,0
0.003859723,0
0.003867482,0
0.003875228,0
0.003882963,0
0.003890685,0
0.003898396,0
0.003906095,0
0.003913783,0
0.003921459,0
0.003929123,0
0.003936775,0
0.003944416,0
0.003952046,0
0.003959664,0
0.003967271,0
0.003974866,0
0.00398245,0
0.003990022,0
0.003997584,0
0.004005134,0
0.004012673,0
0.0040202,0
0.004027717,0
0.004035222,0
0.004042717,0
0.0040502,0
0.004057673,0
0.004065134,0
0.004072585,0
0.004080025,0
0.004087454,0
0.004094872,0
0.004102279,0
0.004109676,0
0.004117062,0
0.004124437,0
0.004131802,0
0.004139156,0
0.004146499,0
0.004153833,0
0.004161155,0
0.004168467,0
0.004175769,0
0.004183061,0
0.004190342,0
0.004197613,0
0.004204874,0
0.004212124,0
0.004219364,0
0.004226595,0
0.004233815,0
0.004241025,0
0.004248225,0
0.004255415,0
0.004262595,0
0.004269765,0
0.004276926,0
0.004284076,0
0.004291217,0
0.004298348,0
0.004305469,0
0.00431258,0
0.004319682,0
0.004326774,0
0.004333857,0
0.00434093,0
0.004347994,0
0.004355048,0
0.004362092,0
0.004369128,0
0.004376154,0
0.00438317,0
0.004390177,0
0.004397175,0
0.004404164,0
0.004411144,0
0.004418114,0
0.004425075,0
0.004432027,0
0.004438971,0
0.004445905,0
0.00445283,0
0.004459746,0
0.004466653,0
0.004473552,0
0.004480441,0
0.004487322,0
0.004494194,0
0.004501057,0
0.004507912,0
0.004514758,0
0.004521595,0
0.004528424,0
0.004535244,0
0.004542055,0
0.004548859,0
0.004555653,0
0.004562439,0
0.004569217,0
0.004575987,0
0.004582748,0
0.004589501,0
0.004596245,0
0.004602982,0
0.00460971,0
0.00461643,0
0.004623142,0
0.004629846,0
0.004636542,0
0.004643229,0
0.004649909,0
0.004656581,0
0.004663245,0
0.004669901,0
0.00467655,0
0.00468319,0
0.004689823,0
0.004696448,0
0.004703065,0
0.004709674,0
0.004716276,0
0.004722871,0
0.004729457,0
0.004736037,0
0.004742608,0
0.004749173,0
0.004755729,0
0.004762279,0
0.004768821,0
0.004775356,0
0.004781883,0
0.004788403,0
0.004794916,0
0.004801422,0
0.00480792,0
0.004814412,0
0.004820896,0
0.004827373,0
0.004833843,0
0.004840306,0
0.004846763,0
0.004853212,0
0.004859654,0
0.00486609,0
0.004872518,0
0.00487894,0
0.004885355,0
0.004891763,0
0.004898165,0
0.00490456,0
0.004910948,0
0.00491733,0
0.004923705,0
0.004930074,0
0.004936436,0
0.004942791,0
0.00494914,0
0.004955483,0
0.004961819,0
0.004968149,0
0.004974473,0
0.00498079,0
0.004987101,0
0.004993406,0
0.004999704,0
0.005005997,0
0.005012283,0
0.005018563,0
0.005024838,0
0.005031106,0
0.005037368,0
0.005043624,0
0.005049874,0
0.005056118,0
0.005062357,0
0.00506859,0
0.005074816,0
0.005081037,0
0.005087253,0
0.005093462,0
0.005099666,0
0.005105864,0
0.005112057,0
0.005118244,0
0.005124425,0
0.005130601,0
0.005136771,0
0.005142936,0
0.005149096,0
0.00515525,0
0.005161398,0
0.005167542,0
0.00517368,0
0.005179813,0
0.00518594,0
0.005192062,0
0.00519818,0
0.005204291,0
0.005210398,0
0.0052165,0
0.005222597,0
0.005228688,0
0.005234775,0
0.005240856,0
0.005246933,0
0.005253005,0
0.005259072,0
0.005265134,0
0.005271191,0
0.005277244,0
0.005283291,0
0.005289334,0
0.005295372,0
0.005301406,0
0.005307435,0
0.005313459,0
0.005319479,0
0.005325494,0
0.005331505,0
0.005337511,0
0.005343513,0
0.00534951,0
0.005355503,0
0.005361491,0
0.005367475,0
0.005373455,0
0.005379431,0
0.005385402,0
0.005391369,0
0.005397332,0
0.005403291,0
0.005409245,0
0.005415196,0
0.005421142,0
0.005427085,0
0.005433023,0
0.005438957,0
0.005444888,0
0.005450814,0
0.005456737,0
0.005462656,0
0.005468571,0
0.005474482,0
0.005480389,0
0.005486292,0
0.005492192,0
0.005498088,0
0.005503981,0
0.00550987,0
0.005515755,0
0.005521637,0
0.005527515,0
0.005533389,0
0.00553926,0
0.005545128,0
0.005550992,0
0.005556853,0
0.00556271,0
0.005568564,0
0.005574415,0
0.005580262,0
0.005586107,0
0.005591947,0
0.005597785,0
0.00560362,0
0.005609451,0
0.005615279,0
0.005621105,0
0.005626927,0
0.005632746,0
0.005638562,0
0.005644375,0
0.005650185,0
0.005655992,0
0.005661797,0
0.005667598,0
0.005673397,0
0.005679192,0
0.005684985,0
0.005690776,0
0.005696563,0
0.005702348,0
0.00570813,0
0.00571391,0
0.005719686,0
0.005725461,0
0.005731232,0
0.005737002,0
0.005742768,0
0.005748533,0
0.005754294,0
0.005760054,0
0.005765811,0
0.005771565,0
0.005777317,0
0.005783067,0
0.005788815,0
0.00579456,0
0.005800303,0
0.005806044,0
0.005811783,0
0.00581752,0
0.005823254,0
0.005828986,0
0.005834717,0
0.005840445,0
0.005846171,0
0.005851895,0
0.005857618,0
0.005863338,0
0.005869056,0
0.005874773,0
0.005880488,0
0.0058862,0
0.005891911,0
0.005897621,0
0.005903328,0
0.005909034,0
0.005914738,0
0.005920441,0
0.005926141,0
0.005931841,0
0.005937538,0
0.005943234,0
0.005948929,0
0.005954622,0
0.005960313,0
0.005966003,0
0.005971692,0
0.005977379,0
0.005983065,0
0.005988749,0
0.005994432,0
0.006000114,0
0.006005794,0
0.006011474,0
0.006017152,0
0.006022829,0
0.006028504,0
0.006034179,0
0.006039852,0
0.006045525,0
0.006051196,0
0.006056866,0
0.006062535,0
0.006068203,0
0.006073871,0
0.006079537,0
0.006085202,0
0.006090867,0
0.00609653,0
0.006102193,0
0.006107855,0
0.006113516,0
0.006119177,0
0.006124836,0
0.006130495,0
0.006136154,0
0.006141811,0
0.006147468,0
0.006153124,0
0.00615878,0
0.006164435,0
0.00617009,0
0.006175744,0
0.006181398,0
0.006187051,0
0.006192704,0
0.006198356,0
0.006204008,0
0.00620966,0
0.006215311,0
0.006220962,0
0.006226613,0
0.006232263,0
0.006237913,0
0.006243563,0
0.006249213,0
0.006254862,0
0.006260512,0
0.006266161,0
0.00627181,0
0.006277459,0
0.006283109,0
0.006288758,0
0.006294407,0
0.006300056,0
0.006305705,0
0.006311354,0
0.006317004,0
0.006322653,0
0.006328303,0
0.006333953,0
0.006339603,0
0.006345253,0
0.006350903,0
0.006356554,0
0.006362205,0
0.006367857,0
0.006373508,0
0.00637916,0
0.006384813,0
0.006390466,0
0.006396119,0
0.006401773,0
0.006407427,0
0.006413082,0
0.006418737,0
0.006424393,0
0.00643005,0
0.006435707,0
0.006441364,0
0.006447023,0
0.006452682,0
0.006458341,0
0.006464002,0
0.006469663,0
0.006475325,0
0.006480988,0
0.006486651,0
0.006492316,0
0.006497981,0
0.006503647,0
0.006509314,0
0.006514982,0
0.006520651,0
0.006526321,0
0.006531992,0
0.006537664,0
0.006543337,0
0.006549011,0
0.006554686,0
0.006560362,0
0.006566039,0
0.006571718,0
0.006577397,0
0.006583078,0
0.006588761,0
0.006594444,0
0.006600129,0
0.006605815,0
0.006611502,0
0.00661719,0
0.00662288,0
0.006628572,0
0.006634264,0
0.006639959,0
0.006645654,0
0.006651351,0
0.00665705,0
0.00666275,0
0.006668452,0
0.006674155,0
0.00667986,0
0.006685566,0
0.006691274,0
0.006696984,0
0.006702696,0
0.006708409,0
0.006714124,0
0.00671984,0
0.006725558,0
0.006731279,0
0.006737,0
0.006742724,0
0.00674845,0
0.006754177,0
0.006759907,0
0.006765638,0
0.006771371,0
0.006777106,0
0.006782843,0
0.006788583,0
0.006794324,0
0.006800067,0
0.006805812,0
0.00681156,0
0.006817309,0
0.006823061,0
0.006828815,0
0.00683457,0
0.006840329,0
0.006846089,0
0.006851852,0
0.006857616,0
0.006863384,0
0.006869153,0
0.006874925,0
0.006880699,0
0.006886475,0
0.006892254,0
0.006898036,0
0.006903819,0
0.006909605,0
0.006915394,0
0.006921185,0
0.006926979,0
0.006932775,0
0.006938574,0
0.006944375,0
0.006950179,0
0.006955986,0
0.006961795,0
0.006967606,0
0.006973421,0
0.006979238,0
0.006985058,0
0.006990881,0
0.006996706,0
0.007002534,0
0.007008365,0
0.007014199,0
0.007020036,0
0.007025875,0
0.007031718,0
0.007037563,0
0.007043411,0
0.007049263,0
0.007055117,0
0.007060974,0
0.007066834,0
0.007072697,0
0.007078564,0
0.007084433,0
0.007090305,0
0.007096181,0
0.007102059,0
0.007107941,0
0.007113826,0
0.007119714,0
0.007125606,0
0.0071315,0
0.007137398,0
0.007143299,0
0.007149203,0
0.007155111,0
0.007161022,0
0.007166936,0
0.007172854,0
0.007178775,0
0.0071847,0
0.007190628,0
0.007196559,0
0.007202494,0
0.007208432,0
0.007214374,0
0.007220319,0
0.007226268,0
0.007232221,0
0.007238177,0
0.007244136,0
0.0072501,0
0.007256066,0
0.007262037,0
0.007268011,0
0.007273989,0
0.007279971,0
0.007285956,0
0.007291945,0
0.007297938,0
0.007303935,0
0.007309935,0
0.00731594,0
0.007321948,0
0.00732796,0
0.007333976,0
0.007339996,0
0.00734602,0
0.007352047,0
0.007358079,0
0.007364115,0
0.007370154,0
0.007376198,0
0.007382246,0
0.007388298,0
0.007394353,0
0.007400413,0
0.007406477,0
0.007412546,0
0.007418618,0
0.007424695,0
0.007430775,0
0.00743686,0
0.007442949,0
0.007449043,0
0.00745514,0
0.007461242,0
0.007467349,0
0.007473459,0
0.007479574,0
0.007485693,0
0.007491817,0
0.007497945,0
0.007504077,0
0.007510214,0
0.007516355,0
0.007522501,0
0.007528651,0
0.007534806,0
0.007540965,0
0.007547129,0
0.007553297,0
0.00755947,0
0.007565648,0
0.00757183,0
0.007578016,0
0.007584208,0
0.007590404,0
0.007596604,0
0.00760281,0
0.00760902,0
0.007615235,0
0.007621454,0
0.007627678,0
0.007633908,0
0.007640142,0
0.00764638,0
0.007652624,0
0.007658872,0
0.007665126,0
0.007671384,0
0.007677647,0
0.007683915,0
0.007690188,0
0.007696466,0
0.007702749,0
0.007709036,0
0.007715329,0
0.007721627,0
0.00772793,0
0.007734238,0
0.007740551,0
0.007746869,0
0.007753193,0
0.007759521,0
0.007765855,0
0.007772194,0
0.007778537,0
0.007784887,0
0.007791241,0
0.007797601,0
0.007803965,0
0.007810335,0
0.007816711,0
0.007823092,0
0.007829478,0
0.007835869,0
0.007842266,0
0.007848668,0
0.007855075,0
0.007861488,0
0.007867906,0
0.00787433,0
0.007880759,0
0.007887193,0
0.007893634,0
0.007900079,0
0.00790653,0
0.007912987,0
0.007919449,0
0.007925917,0
0.00793239,0
0.007938869,0
0.007945354,0
0.007951844,0
0.007958339,0
0.007964841,0
0.007971348,0
0.007977861,0
0.00798438,0
0.007990904,0
0.007997434,0
0.00800397,0
0.008010511,0
0.008017059,0
0.008023612,0
0.008030171,0
0.008036736,0
0.008043306,0
0.008049883,0
0.008056465,0
0.008063054,0
0.008069648,0
0.008076248,0
0.008082854,0
0.008089467,0
0.008096085,0
0.008102709,0
0.008109339,0
0.008115975,0
0.008122617,0
0.008129266,0
0.00813592,0
0.00814258,0
0.008149247,0
0.00815592,0
0.008162598,0
0.008169283,0
0.008175975,0
0.008182672,0
0.008189375,0
0.008196085,0
0.008202801,0
0.008209523,0
0.008216252,0
0.008222987,0
0.008229728,0
0.008236475,0
0.008243229,0
0.008249989,0
0.008256755,0
0.008263528,0
0.008270307,0
0.008277093,0
0.008283885,0
0.008290683,0
0.008297488,0
0.008304299,0
0.008311117,0
0.008317941,0
0.008324772,0
0.008331609,0
0.008338453,0
0.008345303,0
0.00835216,0
0.008359024,0
0.008365894,0
0.00837277,0
0.008379654,0
0.008386544,0
0.00839344,0
0.008400344,0
0.008407254,0
0.00841417,0
0.008421094,0
0.008428024,0
0.008434961,0
0.008441904,0
0.008448854,0
0.008455812,0
0.008462776,0
0.008469746,0
0.008476724,0
0.008483708,0
0.0084907,0
0.008497698,0
0.008504703,0
0.008511715,0
0.008518733,0
0.008525759,0
0.008532792,0
0.008539832,0
0.008546878,0
0.008553932,0
0.008560992,0
0.00856806,0
0.008575135,0
0.008582216,0
0.008589305,0
0.008596401,0
0.008603504,0
0.008610614,0
0.008617731,0
0.008624855,0
0.008631986,0
0.008639125,0
0.00864627,0
0.008653423,0
0.008660583,0
0.00866775,3.75E-13
0.008674925,1.13E-11
0.008682107,7.46E-11
0.008689296,2.69E-10
0.008696492,7.04E-10
0.008703695,1.52E-09
0.008710906,2.87E-09
0.008718124,4.96E-09
0.008725349,7.96E-09
0.008732582,1.21E-08
0.008739822,1.76E-08
0.008747069,2.48E-08
0.008754324,3.37E-08
0.008761586,4.48E-08
0.008768856,5.83E-08
0.008776133,7.44E-08
0.008783417,9.34E-08
0.008790709,1.16E-07
0.008798008,1.41E-07
0.008805315,1.70E-07
0.008812629,2.04E-07
0.008819951,2.41E-07
0.00882728,2.83E-07
0.008834617,3.30E-07
0.008841961,3.81E-07
0.008849313,4.38E-07
0.008856672,5.00E-07
0.008864039,5.68E-07
0.008871413,6.42E-07
0.008878795,7.23E-07
0.008886185,8.09E-07
0.008893582,9.02E-07
0.008900987,1.00E-06
0.0089084,1.11E-06
0.00891582,1.22E-06
0.008923248,1.35E-06
0.008930683,1.47E-06
0.008938127,1.61E-06
0.008945578,1.76E-06
0.008953036,1.91E-06
0.008960503,2.07E-06
0.008967977,2.24E-06
0.008975459,2.42E-06
0.008982949,2.61E-06
0.008990446,2.80E-06
0.008997951,3.01E-06
0.009005465,3.22E-06
0.009012986,3.45E-06
0.009020514,3.68E-06
0.009028051,3.93E-06
0.009035595,4.18E-06
0.009043148,4.44E-06
0.009050708,4.71E-06
0.009058276,5.00E-06
0.009065852,5.29E-06
0.009073436,5.59E-06
0.009081028,5.90E-06
0.009088628,6.23E-06
0.009096236,6.56E-06
0.009103852,6.90E-06
0.009111476,7.26E-06
0.009119107,7.62E-06
0.009126747,8.00E-06
0.009134395,8.39E-06
0.009142051,8.78E-06
0.009149715,9.19E-06
0.009157387,9.61E-06
0.009165067,1.00E-05
0.009172755,1.05E-05
0.009180451,1.09E-05
0.009188156,1.14E-05
0.009195868,1.19E-05
0.009203589,1.24E-05
0.009211318,1.29E-05
0.009219055,1.34E-05
0.0092268,1.39E-05
0.009234553,1.45E-05
0.009242314,1.51E-05
0.009250084,1.56E-05
0.009257862,1.62E-05
0.009265648,1.68E-05
0.009273442,1.75E-05
0.009281245,1.81E-05
0.009289056,1.87E-05
0.009296875,1.94E-05
0.009304703,2.01E-05
0.009312538,2.08E-05
0.009320382,2.15E-05
0.009328235,2.23E-05
0.009336095,2.30E-05
0.009343965,2.38E-05
0.009351842,2.46E-05
0.009359728,2.54E-05
0.009367622,2.62E-05
0.009375524,2.70E-05
0.009383435,2.79E-05
0.009391355,2.88E-05
0.009399283,2.97E-05
0.009407219,3.06E-05
0.009415164,3.15E-05
0.009423117,3.25E-05
0.009431079,3.35E-05
0.009439049,3.44E-05
0.009447027,3.55E-05
0.009455015,3.65E-05
0.00946301,3.75E-05
0.009471014,3.86E-05
0.009479027,3.97E-05
0.009487049,4.08E-05
0.009495078,4.19E-05
0.009503117,4.31E-05
0.009511164,4.43E-05
0.00951922,4.54E-05
0.009527284,4.67E-05
0.009535357,4.79E-05
0.009543438,4.91E-05
0.009551528,5.04E-05
0.009559627,5.17E-05
0.009567735,5.30E-05
0.009575851,5.43E-05
0.009583976,5.57E-05
0.009592109,5.71E-05
0.009600251,5.84E-05
0.009608402,5.99E-05
0.009616562,6.13E-05
0.009624731,6.27E-05
0.009632908,6.42E-05
0.009641094,6.57E-05
0.009649289,6.72E-05
0.009657492,6.88E-05
0.009665704,7.03E-05
0.009673926,7.19E-05
0.009682156,7.35E-05
0.009690394,7.51E-05
0.009698642,7.68E-05
0.009706899,7.84E-05
0.009715164,8.01E-05
0.009723438,8.18E-05
0.009731721,8.36E-05
0.009740013,8.53E-05
0.009748314,8.71E-05
0.009756624,8.89E-05
0.009764943,9.08E-05
0.00977327,9.26E-05
0.009781607,9.45E-05
0.009789953,9.64E-05
0.009798307,9.83E-05
0.009806671,0.000100277
0.009815043,0.000102255
0.009823425,0.000104259
0.009831816,0.000106288
0.009840215,0.000108342
0.009848624,0.000110421
0.009857041,0.000112526
0.009865468,0.000114657
0.009873904,0.000116814
0.009882349,0.000118996
0.009890803,0.000121205
0.009899266,0.000123439
0.009907738,0.0001257
0.009916219,0.000127987
0.009924709,0.0001303
0.009933209,0.000132639
0.009941718,0.000135005
0.009950235,0.000137397
0.009958762,0.000139815
0.009967299,0.00014226
0.009975844,0.000144731
0.009984398,0.000147229
0.009992962,0.000149753
0.010001535,0.000152304
0.010010117,0.000154881
0.010018709,0.000157485
0.010027309,0.000160115
0.010035919,0.000162771
0.010044538,0.000165454
0.010053167,0.000168163
0.010061805,0.000170899
0.010070452,0.000173661
0.010079108,0.000176449
0.010087774,0.000179263
0.010096449,0.000182103
0.010105133,0.00018497
0.010113827,0.000187862
0.01012253,0.000190781
0.010131242,0.000193726
0.010139964,0.000196697
0.010148695,0.000199695
0.010157435,0.00020272
0.010166185,0.000205771
0.010174945,0.000208848
0.010183713,0.000211953
0.010192492,0.000215085
0.010201279,0.000218244
0.010210076,0.000221431
0.010218883,0.000224645
0.010227699,0.000227887
0.010236524,0.000231157
0.010245359,0.000234455
0.010254204,0.000237781
0.010263058,0.000241136
0.010271921,0.000244519
0.010280794,0.00024793
0.010289677,0.00025137
0.010298569,0.00025484
0.010307471,0.000258338
0.010316382,0.000261865
0.010325303,0.000265422
0.010334233,0.000269008
0.010343173,0.000272623
0.010352123,0.000276268
0.010361082,0.000279942
0.010370051,0.000283646
0.010379029,0.00028738
0.010388017,0.000291144
0.010397015,0.000294937
0.010406022,0.00029876
0.010415039,0.000302614
0.010424066,0.000306497
0.010433102,0.00031041
0.010442148,0.000314353
0.010451204,0.000318326
0.01046027,0.00032233
0.010469345,0.000326363
0.01047843,0.000330426
0.010487524,0.000334519
0.010496629,0.000338642
0.010505743,0.000342795
0.010514867,0.000346978
0.010524001,0.000351191
0.010533144,0.000355434
0.010542298,0.000359706
0.010551461,0.000364008
0.010560634,0.00036834
0.010569816,0.000372701
0.010579009,0.000377092
0.010588211,0.000381513
0.010597423,0.000385963
0.010606645,0.000390442
0.010615877,0.00039495
0.010625119,0.000399488
0.010634371,0.000404054
0.010643632,0.000408649
0.010652904,0.000413274
0.010662185,0.000417927
0.010671476,0.00042261
0.010680778,0.000427321
0.010690089,0.000432062
0.01069941,0.000436831
0.010708741,0.00044163
0.010718082,0.000446459
0.010727433,0.000451316
0.010736794,0.000456204
0.010746164,0.000461121
0.010755545,0.000466068
0.010764936,0.000471045
0.010774337,0.000476052
0.010783748,0.000481089
0.010793169,0.000486157
0.0108026,0.000491255
0.010812041,0.000496383
0.010821492,0.000501542
0.010830953,0.000506732
0.010840424,0.000511953
0.010849905,0.000517205
0.010859396,0.000522488
0.010868898,0.000527802
0.010878409,0.000533147
0.010887931,0.000538523
0.010897462,0.000543931
0.010907004,0.00054937
0.010916556,0.00055484
0.010926118,0.000560342
0.01093569,0.000565876
0.010945273,0.000571441
0.010954865,0.000577038
0.010964468,0.000582666
0.010974081,0.000588326
0.010983704,0.000594017
0.010993337,0.00059974
0.01100298,0.000605495
0.011012634,0.000611281
0.011022298,0.000617098
0.011031972,0.000622947
0.011041656,0.000628828
0.011051351,0.00063474
0.011061056,0.000640684
0.011070771,0.000646658
0.011080496,0.000652664
0.011090232,0.000658702
0.011099977,0.00066477
0.011109734,0.000670869
0.0111195,0.000677
0.011129277,0.000683161
0.011139064,0.000689353
0.011148861,0.000695576
0.011158669,0.00070183
0.011168487,0.000708114
0.011178315,0.000714428
0.011188154,0.000720773
0.011198003,0.000727148
0.011207862,0.000733553
0.011217732,0.000739988
0.011227612,0.000746453
0.011237503,0.000752947
0.011247404,0.000759472
0.011257315,0.000766027
0.011267237,0.000772612
0.011277169,0.000779227
0.011287112,0.000785872
0.011297065,0.000792547
0.011307028,0.000799253
0.011317002,0.000805989
0.011326987,0.000812755
0.011336981,0.000819552
0.011346987,0.00082638
0.011357002,0.000833239
0.011367029,0.000840128
0.011377065,0.000847049
0.011387113,0.000854
0.01139717,0.000860983
0.011407239,0.000867997
0.011417317,0.000875043
0.011427407,0.00088212
0.011437506,0.000889228
0.011447617,0.000896368
0.011457738,0.00090354
0.011467869,0.000910743
0.011478011,0.000917978
0.011488164,0.000925245
0.011498327,0.000932544
0.0115085,0.000939875
0.011518685,0.000947238
0.01152888,0.000954632
0.011539085,0.000962059
0.011549301,0.000969517
0.011559528,0.000977008
0.011569765,0.00098453
0.011580013,0.000992084
0.011590272,0.000999671
0.011600541,0.001007289
0.011610821,0.001014939
0.011621112,0.00102262
0.011631413,0.001030334
0.011641725,0.001038079
0.011652047,0.001045856
0.01166238,0.001053664
0.011672724,0.001061504
0.011683079,0.001069376
0.011693444,0.001077279
0.01170382,0.001085213
0.011714207,0.001093178
0.011724605,0.001101175
0.011735013,0.001109202
0.011745432,0.001117261
0.011755862,0.00112535
0.011766302,0.00113347
0.011776753,0.001141621
0.011787215,0.001149802
0.011797688,0.001158013
0.011808171,0.001166255
0.011818666,0.001174526
0.011829171,0.001182828
0.011839687,0.00119116
0.011850213,0.001199521
0.011860751,0.001207913
0.011871299,0.001216334
0.011881858,0.001224786
0.011892428,0.001233267
0.011903009,0.001241778
0.011913601,0.00125032
0.011924203,0.001258892
0.011934817,0.001267494
0.011945441,0.001276126
0.011956076,0.001284789
0.011966722,0.001293483
0.011977379,0.001302207
0.011988046,0.001310962
0.011998725,0.001319748
0.012009414,0.001328565
0.012020115,0.001337412
0.012030826,0.001346291
0.012041548,0.001355201
0.012052281,0.001364142
0.012063025,0.001373115
0.01207378,0.001382119
0.012084546,0.001391154
0.012095323,0.001400221
0.012106111,0.001409319
0.01211691,0.001418449
0.012127719,0.00142761
0.01213854,0.001436803
0.012149372,0.001446028
0.012160215,0.001455284
0.012171068,0.001464572
0.012181933,0.001473891
0.012192809,0.001483242
0.012203695,0.001492625
0.012214593,0.001502039
0.012225502,0.001511485
0.012236421,0.001520962
0.012247352,0.001530471
0.012258294,0.001540011
0.012269247,0.001549583
0.012280211,0.001559186
0.012291185,0.00156882
0.012302171,0.001578485
0.012313169,0.001588182
0.012324177,0.001597909
0.012335196,0.001607668
0.012346226,0.001617457
0.012357267,0.001627277
0.01236832,0.001637128
0.012379383,0.001647009
0.012390458,0.001656921
0.012401544,0.001666863
0.012412641,0.001676836
0.012423749,0.001686838
0.012434868,0.00169687
0.012445998,0.001706933
0.01245714,0.001717025
0.012468292,0.001727146
0.012479456,0.001737298
0.012490631,0.001747478
0.012501817,0.001757688
0.012513014,0.001767927
0.012524222,0.001778196
0.012535442,0.001788494
0.012546672,0.001798822
0.012557914,0.001809179
0.012569167,0.001819566
0.012580432,0.001829982
0.012591707,0.001840428
0.012602994,0.001850904
0.012614292,0.00186141
0.012625601,0.001871945
0.012636921,0.001882511
0.012648253,0.001893107
0.012659595,0.001903733
0.012670949,0.00191439
0.012682315,0.001925077
0.012693691,0.001935794
0.012705079,0.001946542
0.012716478,0.001957321
0.012727888,0.00196813
0.01273931,0.00197897
0.012750743,0.00198984
0.012762187,0.002000742
0.012773642,0.002011674
0.012785109,0.002022638
0.012796587,0.002033632
0.012808076,0.002044657
0.012819577,0.002055713
0.012831089,0.0020668
0.012842612,0.002077918
0.012854147,0.002089067
0.012865693,0.002100247
0.01287725,0.002111458
0.012888818,0.002122699
0.012900398,0.002133972
0.01291199,0.002145275
0.012923592,0.002156609
0.012935206,0.002167974
0.012946831,0.00217937
0.012958468,0.002190796
0.012970116,0.002202253
0.012981776,0.00221374
0.012993446,0.002225257
0.013005129,0.002236805
0.013016822,0.002248383
0.013028527,0.002259992
0.013040244,0.00227163
0.013051971,0.002283298
0.013063711,0.002294996
0.013075461,0.002306724
0.013087223,0.002318481
0.013098997,0.002330268
0.013110782,0.002342084
0.013122578,0.00235393
0.013134386,0.002365804
0.013146205,0.002377707
0.013158035,0.00238964
0.013169877,0.002401601
0.013181731,0.00241359
0.013193596,0.002425609
0.013205472,0.002437656
0.01321736,0.002449731
0.01322926,0.002461835
0.013241171,0.002473968
0.013253093,0.00248613
0.013265027,0.00249832
0.013276972,0.002510539
0.013288929,0.002522787
0.013300897,0.002535065
0.013312877,0.002547371
0.013324869,0.002559706
0.013336871,0.002572071
0.013348886,0.002584465
0.013360912,0.002596889
0.013372949,0.002609342
0.013384998,0.002621824
0.013397059,0.002634337
0.013409131,0.002646879
0.013421214,0.00265945
0.013433309,0.002672052
0.013445416,0.002684684
0.013457534,0.002697345
0.013469664,0.002710037
0.013481805,0.002722758
0.013493958,0.00273551
0.013506123,0.002748291
0.013518299,0.002761103
0.013530487,0.002773945
0.013542686,0.002786817
0.013554897,0.002799719
0.013567119,0.002812651
0.013579353,0.002825614
0.013591599,0.002838606
0.013603856,0.002851629
0.013616125,0.002864681
0.013628405,0.002877763
0.013640697,0.002890876
0.013653001,0.002904018
0.013665317,0.00291719
0.013677643,0.002930392
0.013689982,0.002943623
0.013702332,0.002956885
0.013714694,0.002970175
0.013727068,0.002983495
0.013739453,0.002996845
0.01375185,0.003010224
0.013764258,0.003023632
0.013776678,0.003037069
0.01378911,0.003050535
0.013801554,0.003064029
0.013814009,0.003077553
0.013826476,0.003091105
0.013838954,0.003104686
0.013851444,0.003118295
0.013863946,0.003131932
0.01387646,0.003145597
0.013888985,0.00315929
0.013901522,0.003173012
0.013914071,0.00318676
0.013926631,0.003200537
0.013939203,0.003214341
0.013951787,0.003228174
0.013964382,0.003242033
0.01397699,0.003255921
0.013989609,0.003269837
0.014002239,0.00328378
0.014014882,0.003297751
0.014027536,0.003311751
0.014040202,0.003325778
0.01405288,0.003339834
0.014065569,0.003353918
0.01407827,0.003368031
0.014090983,0.003382172
0.014103708,0.003396341
0.014116444,0.003410539
0.014129192,0.003424766
0.014141952,0.003439021
0.014154724,0.003453306
0.014167507,0.003467619
0.014180303,0.003481961
0.01419311,0.003496332
0.014205929,0.003510733
0.014218759,0.003525162
0.014231602,0.00353962
0.014244456,0.003554108
0.014257322,0.003568625
0.0142702,0.003583171
0.014283089,0.003597746
0.014295991,0.003612351
0.014308904,0.003626984
0.014321829,0.003641647
0.014334766,0.003656339
0.014347715,0.00367106
0.014360675,0.003685811
0.014373648,0.00370059
0.014386632,0.003715399
0.014399628,0.003730236
0.014412636,0.003745103
0.014425655,0.003759998
0.014438687,0.003774923
0.01445173,0.003789876
0.014464785,0.003804858
0.014477853,0.003819868
0.014490932,0.003834907
0.014504022,0.003849974
0.014517125,0.00386507
0.01453024,0.003880194
0.014543366,0.003895346
0.014556504,0.003910527
0.014569654,0.003925735
0.014582816,0.003940971
0.01459599,0.003956235
0.014609176,0.003971526
0.014622374,0.003986844
0.014635583,0.00400219
0.014648805,0.004017564
0.014662038,0.004032964
0.014675283,0.004048391
0.014688541,0.004063845
0.01470181,0.004079326
0.014715091,0.004094833
0.014728383,0.004110368
0.014741688,0.004125929
0.014755005,0.004141517
0.014768334,0.004157132
0.014781674,0.004172775
0.014795027,0.004188444
0.014808391,0.00420414
0.014821767,0.004219863
0.014835156,0.004235614
0.014848556,0.004251392
0.014861968,0.004267198
0.014875392,0.004283031
0.014888828,0.004298892
0.014902276,0.00431478
0.014915736,0.004330697
0.014929208,0.004346641
0.014942692,0.004362613
0.014956187,0.004378613
0.014969695,0.004394641
0.014983215,0.004410697
0.014996746,0.004426781
0.01501029,0.004442893
0.015023846,0.004459034
0.015037413,0.004475203
0.015050993,0.0044914
0.015064584,0.004507625
0.015078188,0.004523879
0.015091803,0.004540161
0.015105431,0.004556471
0.01511907,0.004572809
0.015132722,0.004589176
0.015146385,0.004605571
0.015160061,0.004621995
0.015173748,0.004638446
0.015187447,0.004654926
0.015201159,0.004671433
0.015214882,0.004687969
0.015228618,0.004704533
0.015242365,0.004721124
0.015256125,0.004737744
0.015269896,0.004754391
0.01528368,0.004771066
0.015297475,0.004787769
0.015311283,0.004804499
0.015325102,0.004821256
0.015338934,0.004838041
0.015352778,0.004854853
0.015366633,0.004871693
0.015380501,0.004888559
0.015394381,0.004905452
0.015408272,0.004922372
0.015422176,0.004939319
0.015436092,0.004956292
0.01545002,0.004973291
0.01546396,0.004990317
0.015477912,0.005007369
0.015491876,0.005024446
0.015505852,0.00504155
0.01551984,0.00505868
0.01553384,0.005075836
0.015547852,0.005093017
0.015561877,0.005110224
0.015575913,0.005127458
0.015589962,0.005144717
0.015604022,0.005162002
0.015618095,0.005179314
0.015632179,0.005196652
0.015646276,0.005214016
0.015660385,0.005231406
0.015674506,0.005248823
0.015688639,0.005266266
0.015702784,0.005283736
0.015716941,0.005301233
0.01573111,0.005318757
0.015745291,0.005336307
0.015759485,0.005353884
0.01577369,0.005371488
0.015787908,0.00538912
0.015802138,0.005406778
0.015816379,0.005424464
0.015830633,0.005442177
0.015844899,0.005459917
0.015859177,0.005477684
0.015873467,0.005495479
0.01588777,0.005513301
0.015902084,0.00553115
0.015916411,0.005549027
0.015930749,0.005566931
0.0159451,0.005584862
0.015959463,0.005602821
0.015973838,0.005620807
0.015988225,0.005638821
0.016002624,0.005656861
0.016017035,0.005674929
0.016031459,0.005693025
0.016045894,0.005711147
0.016060342,0.005729297
0.016074802,0.005747473
0.016089274,0.005765677
0.016103758,0.005783908
0.016118254,0.005802165
0.016132762,0.005820449
0.016147283,0.00583876
0.016161815,0.005857098
0.01617636,0.005875462
0.016190917,0.005893853
0.016205486,0.005912269
0.016220067,0.005930712
0.016234661,0.005949181
0.016249266,0.005967677
0.016263884,0.005986198
0.016278514,0.006004744
0.016293156,0.006023317
0.01630781,0.006041914
0.016322476,0.006060537
0.016337155,0.006079186
0.016351845,0.006097859
0.016366548,0.006116558
0.016381263,0.006135281
0.01639599,0.006154029
0.016410729,0.006172803
0.01642548,0.006191601
0.016440244,0.006210424
0.01645502,0.006229273
0.016469808,0.006248147
0.016484608,0.006267046
0.01649942,0.00628597
0.016514244,0.006304919
0.016529081,0.006323894
0.01654393,0.006342895
0.016558791,0.006361921
0.016573664,0.006380973
0.016588549,0.006400051
0.016603447,0.006419154
0.016618356,0.006438284
0.016633278,0.006457439
0.016648212,0.006476621
0.016663159,0.006495828
0.016678117,0.006515062
0.016693088,0.006534322
0.01670807,0.006553609
0.016723065,0.006572922
0.016738073,0.006592261
0.016753092,0.006611627
0.016768124,0.006631019
0.016783167,0.006650437
0.016798223,0.006669882
0.016813292,0.006689354
0.016828372,0.006708852
0.016843464,0.006728376
0.016858569,0.006747927
0.016873686,0.006767504
0.016888815,0.006787108
0.016903957,0.006806738
0.01691911,0.006826394
0.016934276,0.006846076
0.016949454,0.006865785
0.016964644,0.00688552
0.016979847,0.006905281
0.016995062,0.006925068
0.017010288,0.006944882
0.017025528,0.006964721
0.017040779,0.006984585
0.017056042,0.007004476
0.017071318,0.007024392
0.017086606,0.007044334
0.017101906,0.007064301
0.017117219,0.007084293
0.017132543,0.00710431
0.01714788,0.007124353
0.017163229,0.007144421
0.01717859,0.007164513
0.017193964,0.00718463
0.017209349,0.007204772
0.017224747,0.007224938
0.017240158,0.007245128
0.01725558,0.007265343
0.017271015,0.007285582
0.017286461,0.007305845
0.01730192,0.007326132
0.017317392,0.007346443
0.017332875,0.007366778
0.017348371,0.007387137
0.017363879,0.007407521
0.017379399,0.007427928
0.017394932,0.00744836
0.017410476,0.007468817
0.017426033,0.007489298
0.017441603,0.007509803
0.017457184,0.007530333
0.017472778,0.007550888
0.017488383,0.007571468
0.017504002,0.007592073
0.017519632,0.007612702
0.017535275,0.007633357
0.017550929,0.007654037
0.017566596,0.007674742
0.017582276,0.007695472
0.017597967,0.007716227
0.017613671,0.007737008
0.017629387,0.007757815
0.017645115,0.007778646
0.017660856,0.007799504
0.017676609,0.007820386
0.017692374,0.007841295
0.017708151,0.007862229
0.017723941,0.007883188
0.017739742,0.007904173
0.017755556,0.007925184
0.017771383,0.00794622
0.017787221,0.007967282
0.017803072,0.007988369
0.017818935,0.008009482
0.01783481,0.00803062
0.017850698,0.008051784
0.017866597,0.008072973
0.017882509,0.008094187
0.017898434,0.008115427
0.01791437,0.008136692
0.017930319,0.008157982
0.01794628,0.008179297
0.017962253,0.008200638
0.017978239,0.008222003
0.017994237,0.008243393
0.018010247,0.008264807
0.018026269,0.008286247
0.018042303,0.008307711
0.01805835,0.008329199
0.018074409,0.008350712
0.018090481,0.008372248
0.018106564,0.008393809
0.01812266,0.008415394
0.018138768,0.008437003
0.018154888,0.008458635
0.018171021,0.008480291
0.018187166,0.00850197
0.018203323,0.008523673
0.018219492,0.008545399
0.018235674,0.008567148
0.018251868,0.008588921
0.018268074,0.008610716
0.018284292,0.008632535
0.018300523,0.008654377
0.018316766,0.008676243
0.018333021,0.008698131
0.018349288,0.008720044
0.018365568,0.008741979
0.01838186,0.008763939
0.018398164,0.008785922
0.01841448,0.008807929
0.018430809,0.008829959
0.01844715,0.008852014
0.018463503,0.008874093
0.018479869,0.008896196
0.018496247,0.008918323
0.018512637,0.008940474
0.018529039,0.008962649
0.018545453,0.008984849
0.01856188,0.009007074
0.018578319,0.009029323
0.01859477,0.009051596
0.018611234,0.009073894
0.01862771,0.009096217
0.018644198,0.009118564
0.018660698,0.009140936
0.018677211,0.009163333
0.018693736,0.009185754
0.018710273,0.0092082
0.018726822,0.009230671
0.018743384,0.009253167
0.018759958,0.009275687
0.018776544,0.009298232
0.018793142,0.009320801
0.018809753,0.009343395
0.018826376,0.009366014
0.018843011,0.009388657
0.018859658,0.009411325
0.018876318,0.009434017
0.01889299,0.009456734
0.018909674,0.009479475
0.018926371,0.00950224
0.018943079,0.009525029
0.0189598,0.009547842
0.018976533,0.00957068
0.018993279,0.009593541
0.019010037,0.009616426
0.019026807,0.009639334
0.019043589,0.009662266
0.019060383,0.009685222
0.01907719,0.009708201
0.019094009,0.009731203
0.01911084,0.009754228
0.019127684,0.009777277
0.01914454,0.009800348
0.019161408,0.009823441
0.019178288,0.009846558
0.01919518,0.009869697
0.019212085,0.009892858
0.019229002,0.009916041
0.019245932,0.009939247
0.019262873,0.009962476
0.019279827,0.009985726
0.019296793,0.010008999
0.019313771,0.010032295
0.019330762,0.010055613
0.019347764,0.010078954
0.019364779,0.010102317
0.019381807,0.010125703
0.019398846,0.010149112
0.019415898,0.010172544
0.019432962,0.010195999
0.019450038,0.010219477
0.019467127,0.010242978
0.019484227,0.010266503
0.01950134,0.010290051
0.019518466,0.010313622
0.019535603,0.010337217
0.019552753,0.010360835
0.019569915,0.010384477
0.019587089,0.010408142
0.019604275,0.010431831
0.019621474,0.010455544
0.019638685,0.010479281
0.019655908,0.010503041
0.019673144,0.010526826
0.019690391,0.010550634
0.019707651,0.010574466
0.019724923,0.010598322
0.019742207,0.010622202
0.019759504,0.010646105
0.019776813,0.010670033
0.019794134,0.010693984
0.019811467,0.010717959
0.019828813,0.010741958
0.01984617,0.010765981
0.01986354,0.010790027
0.019880923,0.010814097
0.019898317,0.010838191
0.019915724,0.010862308
0.019933143,0.010886448
0.019950574,0.010910612
0.019968017,0.0109348
0.019985473,0.01095901
0.02000294,0.010983244
0.02002042,0.0110075
0.020037913,0.01103178
0.020055417,0.011056082
0.020072934,0.011080408
0.020090463,0.011104755
0.020108004,0.011129126
0.020125557,0.011153518
0.020143123,0.011177933
0.020160701,0.01120237
0.020178291,0.011226829
0.020195893,0.01125131
0.020213507,0.011275813
0.020231134,0.011300337
0.020248773,0.011324883
0.020266424,0.011349451
0.020284087,0.01137404
0.020301763,0.01139865
0.02031945,0.011423282
0.02033715,0.011447936
0.020354862,0.011472611
0.020372587,0.011497308
0.020390323,0.011522027
0.020408072,0.011546767
0.020425833,0.01157153
0.020443606,0.011596314
0.020461391,0.011621121
0.020479189,0.01164595
0.020496999,0.011670801
0.020514821,0.011695674
0.020532655,0.01172057
0.020550501,0.011745488
0.02056836,0.011770429
0.02058623,0.011795393
0.020604113,0.011820379
0.020622009,0.011845388
0.020639916,0.01187042
0.020657835,0.011895475
0.020675767,0.011920553
0.020693711,0.011945653
0.020711667,0.011970777
0.020729635,0.011995924
0.020747616,0.012021093
0.020765608,0.012046286
0.020783613,0.012071502
0.02080163,0.012096741
0.020819659,0.012122003
0.020837701,0.012147288
0.020855754,0.012172596
0.02087382,0.012197926
0.020891898,0.01222328
0.020909988,0.012248657
0.02092809,0.012274057
0.020946205,0.012299479
0.020964331,0.012324924
0.02098247,0.012350392
0.021000621,0.012375883
0.021018784,0.012401396
0.021036959,0.012426932
0.021055147,0.01245249
0.021073347,0.01247807
0.021091558,0.012503673
0.021109782,0.012529297
0.021128018,0.012554944
0.021146267,0.012580613
0.021164527,0.012606303
0.0211828,0.012632015
0.021201084,0.012657749
0.021219381,0.012683504
0.02123769,0.012709281
0.021256011,0.012735079
0.021274345,0.012760897
0.02129269,0.012786737
0.021311048,0.012812597
0.021329418,0.012838479
0.0213478,0.012864381
0.021366194,0.012890303
0.0213846,0.012916247
0.021403018,0.012942211
0.021421449,0.012968196
0.021439891,0.012994202
0.021458346,0.013020228
0.021476813,0.013046276
0.021495292,0.013072345
0.021513783,0.013098434
0.021532286,0.013124545
0.021550802,0.013150678
0.021569329,0.013176831
0.021587869,0.013203006
0.021606421,0.013229203
0.021624985,0.013255421
0.021643561,0.013281661
0.021662149,0.013307923
0.021680749,0.013334207
0.021699362,0.013360512
0.021717986,0.01338684
0.021736623,0.013413189
0.021755272,0.013439561
0.021773932,0.013465954
0.021792605,0.01349237
0.021811291,0.013518808
0.021829988,0.013545269
0.021848697,0.013571751
0.021867418,0.013598256
0.021886152,0.013624783
0.021904898,0.013651332
0.021923655,0.013677903
0.021942425,0.013704497
0.021961207,0.013731113
0.021980001,0.013757751
0.021998807,0.013784411
0.022017625,0.013811094
0.022036455,0.013837798
0.022055298,0.013864525
0.022074152,0.013891273
0.022093019,0.013918043
0.022111897,0.013944836
0.022130788,0.01397165
0.022149691,0.013998485
0.022168606,0.014025342
0.022187533,0.014052221
0.022206472,0.014079121
0.022225423,0.014106043
0.022244386,0.014132986
0.022263361,0.01415995
0.022282348,0.014186935
0.022301348,0.01421394
0.022320359,0.014240967
0.022339382,0.014268014
0.022358418,0.014295082
0.022377466,0.01432217
0.022396525,0.014349279
0.022415597,0.014376407
0.022434681,0.014403556
0.022453777,0.014430724
0.022472884,0.014457913
0.022492004,0.014485121
0.022511136,0.01451235
0.02253028,0.014539598
0.022549436,0.014566866
0.022568604,0.014594155
0.022587784,0.014621463
0.022606977,0.014648792
0.022626181,0.014676141
0.022645397,0.01470351
0.022664625,0.0147309
0.022683866,0.01475831
0.022703118,0.014785741
0.022722382,0.014813192
0.022741659,0.014840664
0.022760947,0.014868157
0.022780247,0.014895671
0.02279956,0.014923206
0.022818884,0.014950762
0.022838221,0.014978339
0.022857569,0.015005937
0.02287693,0.015033557
0.022896302,0.015061198
0.022915687,0.01508886
0.022935083,0.015116543
0.022954492,0.015144248
0.022973912,0.015171975
0.022993345,0.015199723
0.023012789,0.015227492
0.023032246,0.015255283
0.023051714,0.015283095
0.023071195,0.015310929
0.023090687,0.015338784
0.023110192,0.01536666
0.023129708,0.015394558
0.023149236,0.015422478
0.023168777,0.015450418
0.023188329,0.01547838
0.023207894,0.015506364
0.02322747,0.015534368
0.023247058,0.015562394
0.023266659,0.01559044
0.023286271,0.015618508
0.023305895,0.015646596
0.023325531,0.015674706
0.023345179,0.015702836
0.023364839,0.015730987
0.023384512,0.015759158
0.023404196,0.01578735
0.023423892,0.015815562
0.023443599,0.015843794
0.023463319,0.015872047
0.023483051,0.01590032
0.023502795,0.015928612
0.023522551,0.015956924
0.023542318,0.015985256
0.023562098,0.016013607
0.023581889,0.016041978
0.023601693,0.016070368
0.023621508,0.016098777
0.023641336,0.016127205
0.023661175,0.016155653
0.023681026,0.016184119
0.023700889,0.016212605
0.023720764,0.01624111
0.023740651,0.016269634
0.02376055,0.016298178
0.023780461,0.016326741
0.023800384,0.016355324
0.023820318,0.016383926
0.023840265,0.016412547
0.023860223,0.016441189
0.023880193,0.01646985
0.023900176,0.016498532
0.02392017,0.016527233
0.023940176,0.016555954
0.023960194,0.016584695
0.023980223,0.016613457
0.024000265,0.016642239
0.024020319,0.016671041
0.024040384,0.016699864
0.024060462,0.016728708
0.024080551,0.016757571
0.024100652,0.016786456
0.024120765,0.016815361
0.02414089,0.016844286
0.024161027,0.016873232
0.024181175,0.016902199
0.024201336,0.016931187
0.024221508,0.016960196
0.024241692,0.016989225
0.024261888,0.017018274
0.024282096,0.017047345
0.024302316,0.017076436
0.024322547,0.017105548
0.024342791,0.01713468
0.024363046,0.017163833
0.024383313,0.017193007
0.024403592,0.017222201
0.024423883,0.017251415
0.024444186,0.01728065
0.024464501,0.017309905
0.024484827,0.017339181
0.024505165,0.017368476
0.024525515,0.017397792
0.024545877,0.017427128
0.024566251,0.017456483
0.024586636,0.017485859
0.024607033,0.017515254
0.024627442,0.017544668
0.024647863,0.017574103
0.024668296,0.017603556
0.024688741,0.017633029
0.024709197,0.017662521
0.024729665,0.017692032
0.024750145,0.017721561
0.024770637,0.01775111
0.02479114,0.017780677
0.024811656,0.017810263
0.024832183,0.017839867
0.024852722,0.01786949
0.024873273,0.017899131
0.024893835,0.01792879
0.024914409,0.017958468
0.024934995,0.017988164
0.024955593,0.018017879
0.024976203,0.018047612
0.024996824,0.018077364
0.025017457,0.018107135
0.025038102,0.018136925
0.025058759,0.018166733
0.025079427,0.018196561
0.025100108,0.018226407
0.0251208,0.018256273
0.025141503,0.018286158
0.025162219,0.018316062
0.025182946,0.018345986
0.025203685,0.018375929
0.025224436,0.018405892
0.025245198,0.018435875
0.025265972,0.018465877
0.025286758,0.018495899
0.025307556,0.01852594
0.025328365,0.018556002
0.025349186,0.018586083
0.025370019,0.018616184
0.025390863,0.018646305
0.02541172,0.018676447
0.025432588,0.018706608
0.025453467,0.018736789
0.025474359,0.01876699
0.025495262,0.018797211
0.025516176,0.018827452
0.025537103,0.018857713
0.025558041,0.018887993
0.025578991,0.018918294
0.025599953,0.018948614
0.025620926,0.018978955
0.025641911,0.019009315
0.025662907,0.019039695
0.025683916,0.019070094
0.025704936,0.019100513
0.025725967,0.019130952
0.025747011,0.01916141
0.025768066,0.019191887
0.025789132,0.019222383
0.025810211,0.019252899
0.025831301,0.019283434
0.025852402,0.019313988
0.025873516,0.01934456
0.025894641,0.019375152
0.025915777,0.019405762
0.025936926,0.01943639
0.025958086,0.019467037
0.025979257,0.019497702
0.02600044,0.019528386
0.026021635,0.019559087
0.026042842,0.019589806
0.02606406,0.019620543
0.02608529,0.019651298
0.026106531,0.019682071
0.026127784,0.019712861
0.026149049,0.019743669
0.026170325,0.019774494
0.026191613,0.019805337
0.026212912,0.019836198
0.026234223,0.019867077
0.026255546,0.019897974
0.02627688,0.019928889
0.026298226,0.019959822
0.026319584,0.019990773
0.026340953,0.020021743
0.026362333,0.02005273
0.026383726,0.020083737
0.026405129,0.020114761
0.026426545,0.020145805
0.026447972,0.020176867
0.02646941,0.020207948
0.026490861,0.020239047
0.026512322,0.020270166
0.026533796,0.020301303
0.02655528,0.02033246
0.026576777,0.020363635
0.026598285,0.02039483
0.026619804,0.020426044
0.026641335,0.020457277
0.026662878,0.020488529
0.026684432,0.020519801
0.026705998,0.020551091
0.026727575,0.020582401
0.026749164,0.020613731
0.026770764,0.020645079
0.026792376,0.020676447
0.026814,0.020707834
0.026835635,0.02073924
0.026857281,0.020770665
0.026878939,0.020802109
0.026900609,0.020833573
0.026922289,0.020865055
0.026943982,0.020896557
0.026965686,0.020928077
0.026987402,0.020959617
0.027009129,0.020991175
0.027030867,0.021022752
0.027052617,0.021054347
0.027074379,0.021085961
0.027096152,0.021117593
0.027117936,0.021149244
0.027139732,0.021180913
0.02716154,0.0212126
0.027183358,0.021244306
0.027205189,0.021276029
0.027227031,0.02130777
0.027248884,0.021339528
0.027270749,0.021371305
0.027292625,0.021403098
0.027314513,0.021434909
0.027336412,0.021466737
0.027358323,0.021498583
0.027380245,0.021530445
0.027402178,0.021562324
0.027424123,0.02159422
0.02744608,0.021626133
0.027468047,0.021658064
0.027490027,0.021690011
0.027512017,0.021721975
0.02753402,0.021753956
0.027556033,0.021785955
0.027578058,0.021817971
0.027600094,0.021850004
0.027622142,0.021882055
0.027644201,0.021914124
0.027666272,0.02194621
0.027688354,0.021978314
0.027710448,0.022010435
0.027732552,0.022042575
0.027754669,0.022074732
0.027776796,0.022106908
0.027798935,0.022139101
0.027821086,0.022171313
0.027843247,0.022203543
0.027865421,0.022235792
0.027887605,0.022268059
0.027909801,0.022300344
0.027932008,0.022332647
0.027954227,0.02236497
0.027976457,0.02239731
0.027998698,0.022429669
0.028020951,0.022462047
0.028043215,0.022494443
0.02806549,0.022526858
0.028087777,0.022559291
0.028110075,0.022591743
0.028132385,0.022624214
0.028154705,0.022656703
0.028177037,0.02268921
0.028199381,0.022721736
0.028221736,0.02275428
0.028244102,0.022786843
0.028266479,0.022819423
0.028288868,0.022852022
0.028311268,0.02288464
0.028333679,0.022917275
0.028356102,0.022949928
0.028378536,0.022982599
0.028400981,0.023015288
0.028423438,0.023047995
0.028445905,0.02308072
0.028468385,0.023113462
0.028490875,0.023146221
0.028513377,0.023178998
0.02853589,0.023211793
0.028558414,0.023244604
0.028580949,0.023277432
0.028603496,0.023310277
0.028626054,0.023343139
0.028648624,0.023376017
0.028671204,0.023408912
0.028693796,0.023441824
0.028716399,0.023474751
0.028739014,0.023507695
0.028761639,0.023540656
0.028784276,0.023573632
0.028806924,0.023606625
0.028829583,0.023639634
0.028852254,0.02367266
0.028874936,0.023705702
0.028897629,0.02373876
0.028920333,0.023771835
0.028943048,0.023804927
0.028965775,0.023838036
0.028988513,0.023871161
0.029011262,0.023904304
0.029034022,0.023937463
0.029056794,0.02397064
0.029079576,0.024003834
0.02910237,0.024037045
0.029125175,0.024070274
0.029147991,0.02410352
0.029170819,0.024136783
0.029193657,0.024170064
0.029216507,0.024203363
0.029239368,0.024236679
0.02926224,0.024270014
0.029285124,0.024303365
0.029308018,0.024336735
0.029330924,0.024370123
0.02935384,0.024403528
0.029376768,0.024436951
0.029399707,0.024470392
0.029422658,0.024503851
0.029445619,0.024537328
0.029468591,0.024570823
0.029491575,0.024604335
0.02951457,0.024637865
0.029537576,0.024671414
0.029560593,0.024704979
0.029583621,0.024738563
0.02960666,0.024772164
0.02962971,0.024805783
0.029652772,0.024839419
0.029675844,0.024873073
0.029698928,0.024906745
0.029722023,0.024940433
0.029745129,0.024974139
0.029768246,0.025007862
0.029791374,0.025041602
0.029814513,0.025075359
0.029837663,0.025109133
0.029860825,0.025142924
0.029883997,0.025176731
0.02990718,0.025210555
0.029930375,0.025244396
0.02995358,0.025278253
0.029976797,0.025312126
0.030000025,0.025346015
0.030023264,0.02537992
0.030046513,0.025413841
0.030069774,0.025447777
0.030093046,0.025481729
0.030116329,0.025515697
0.030139623,0.02554968
0.030162928,0.025583679
0.030186244,0.025617694
0.030209571,0.025651724
0.030232909,0.02568577
0.030256258,0.025719832
0.030279618,0.02575391
0.030302989,0.025788003
0.030326371,0.025822113
0.030349765,0.025856239
0.030373169,0.025890381
0.030396584,0.025924539
0.03042001,0.025958714
0.030443447,0.025992905
0.030466895,0.026027112
0.030490354,0.026061337
0.030513824,0.026095578
0.030537305,0.026129835
0.030560797,0.02616411
0.0305843,0.026198401
0.030607814,0.02623271
0.030631339,0.026267035
0.030654874,0.026301378
0.030678421,0.026335738
0.030701979,0.026370114
0.030725548,0.026404508
0.030749127,0.026438919
0.030772718,0.026473348
0.030796319,0.026507793
0.030819931,0.026542256
0.030843555,0.026576736
0.030867189,0.026611233
0.030890834,0.026645747
0.03091449,0.026680279
0.030938157,0.026714827
0.030961835,0.026749393
0.030985524,0.026783976
0.031009223,0.026818575
0.031032934,0.026853192
0.031056655,0.026887825
0.031080388,0.026922476
0.031104131,0.026957143
0.031127885,0.026991827
0.03115165,0.027026527
0.031175426,0.027061244
0.031199213,0.027095977
0.03122301,0.027130727
0.031246819,0.027165493
0.031270638,0.027200275
0.031294468,0.027235073
0.031318309,0.027269887
0.031342161,0.027304716
0.031366024,0.027339562
0.031389897,0.027374423
0.031413781,0.027409299
0.031437677,0.027444191
0.031461583,0.027479097
0.0314855,0.027514019
0.031509427,0.027548956
0.031533366,0.027583908
0.031557315,0.027618874
0.031581275,0.027653856
0.031605246,0.027688853
0.031629228,0.027723864
0.03165322,0.027758891
0.031677223,0.027793933
0.031701238,0.02782899
0.031725262,0.027864063
0.031749298,0.02789915
0.031773344,0.027934254
0.031797402,0.027969372
0.03182147,0.028004507
0.031845548,0.028039657
0.031869638,0.028074823
0.031893738,0.028110005
0.031917849,0.028145203
0.031941971,0.028180417
0.031966103,0.028215647
0.031990247,0.028250893
0.032014401,0.028286155
0.032038565,0.028321434
0.032062741,0.028356729
0.032086927,0.028392041
0.032111124,0.028427369
0.032135331,0.028462713
0.03215955,0.028498074
0.032183779,0.028533452
0.032208018,0.028568846
0.032232269,0.028604257
0.03225653,0.028639684
0.032280802,0.028675128
0.032305084,0.028710588
0.032329378,0.028746065
0.032353682,0.028781558
0.032377996,0.028817068
0.032402321,0.028852594
0.032426657,0.028888137
0.032451004,0.028923696
0.032475361,0.028959271
0.032499729,0.028994863
0.032524108,0.02903047
0.032548497,0.029066094
0.032572897,0.029101734
0.032597307,0.02913739
0.032621728,0.029173062
0.03264616,0.029208749
0.032670603,0.029244452
0.032695056,0.029280171
0.032719519,0.029315905
0.032743994,0.029351655
0.032768479,0.02938742
0.032792974,0.0294232
0.03281748,0.029458995
0.032841997,0.029494805
0.032866525,0.02953063
0.032891063,0.029566469
0.032915611,0.029602323
0.03294017,0.029638191
0.03296474,0.029674074
0.03298932,0.029709971
0.033013911,0.029745882
0.033038513,0.029781808
0.033063125,0.029817748
0.033087747,0.029853702
0.03311238,0.029889671
0.033137024,0.029925654
0.033161678,0.029961652
0.033186343,0.029997665
0.033211019,0.030033692
0.033235704,0.030069734
0.033260401,0.030105791
0.033285108,0.030141863
0.033309825,0.030177951
0.033334553,0.030214053
0.033359292,0.03025017
0.033384041,0.030286303
0.033408801,0.030322452
0.033433571,0.030358616
0.033458351,0.030394795
0.033483142,0.03043099
0.033507944,0.030467201
0.033532756,0.030503427
0.033557579,0.030539669
0.033582412,0.030575927
0.033607255,0.030612201
0.033632109,0.030648491
0.033656974,0.030684797
0.033681849,0.030721118
0.033706734,0.030757456
0.03373163,0.030793809
0.033756536,0.030830179
0.033781453,0.030866564
0.03380638,0.030902965
0.033831318,0.030939382
0.033856266,0.030975815
0.033881225,0.031012264
0.033906194,0.031048729
0.033931173,0.031085209
0.033956163,0.031121705
0.033981163,0.031158216
0.034006174,0.031194743
0.034031195,0.031231286
0.034056227,0.031267844
0.034081269,0.031304417
0.034106321,0.031341006
0.034131384,0.03137761
0.034156457,0.031414228
0.03418154,0.031450862
0.034206634,0.031487511
0.034231738,0.031524174
0.034256853,0.031560852
0.034281978,0.031597545
0.034307113,0.031634252
0.034332259,0.031670973
0.034357415,0.031707708
0.034382582,0.031744458
0.034407759,0.031781221
0.034432946,0.031817998
0.034458143,0.031854789
0.034483351,0.031891593
0.034508569,0.031928412
0.034533798,0.031965243
0.034559037,0.032002089
0.034584286,0.032038948
0.034609545,0.032075822
0.034634815,0.032112709
0.034660095,0.03214961
0.034685385,0.032186525
0.034710686,0.032223454
0.034735997,0.032260398
0.034761318,0.032297355
0.03478665,0.032334328
0.034811992,0.032371314
0.034837344,0.032408315
0.034862706,0.032445331
0.034888079,0.032482362
0.034913462,0.032519407
0.034938855,0.032556467
0.034964259,0.032593543
0.034989672,0.032630633
0.035015096,0.032667738
0.035040531,0.032704858
0.035065975,0.032741994
0.03509143,0.032779145
0.035116895,0.032816311
0.03514237,0.032853492
0.035167855,0.032890688
0.035193351,0.0329279
0.035218857,0.032965128
0.035244373,0.03300237
0.035269899,0.033039628
0.035295436,0.033076901
0.035320983,0.033114189
0.035346539,0.033151493
0.035372106,0.033188812
0.035397684,0.033226146
0.035423271,0.033263495
0.035448869,0.03330086
0.035474477,0.033338239
0.035500095,0.033375634
0.035525723,0.033413043
0.035551361,0.033450467
0.03557701,0.033487906
0.035602668,0.03352536
0.035628337,0.033562829
0.035654016,0.033600312
0.035679705,0.033637809
0.035705404,0.033675321
0.035731114,0.033712847
0.035756833,0.033750387
0.035782563,0.033787942
0.035808302,0.03382551
0.035834052,0.033863092
0.035859812,0.033900687
0.035885582,0.033938297
0.035911363,0.033975919
0.035937153,0.034013555
0.035962953,0.034051204
0.035988764,0.034088867
0.036014584,0.034126542
0.036040415,0.03416423
0.036066256,0.034201932
0.036092106,0.034239646
0.036117967,0.034277374
0.036143838,0.034315115
0.036169719,0.034352869
0.03619561,0.034390637
0.036221511,0.034428418
0.036247423,0.034466213
0.036273344,0.034504021
0.036299275,0.034541843
0.036325216,0.034579679
0.036351168,0.034617528
0.036377129,0.034655392
0.0364031,0.03469327
0.036429082,0.034731161
0.036455073,0.034769067
0.036481075,0.034806987
0.036507086,0.034844922
0.036533107,0.034882871
0.036559139,0.034920834
0.03658518,0.034958812
0.036611232,0.034996805
0.036637293,0.035034812
0.036663365,0.035072834
0.036689446,0.03511087
0.036715537,0.035148922
0.036741639,0.035186987
0.03676775,0.035225068
0.036793871,0.035263163
0.036820002,0.035301273
0.036846144,0.035339398
0.036872295,0.035377538
0.036898456,0.035415692
0.036924627,0.03545386
0.036950808,0.035492044
0.036976998,0.035530242
0.037003199,0.035568454
0.03702941,0.035606681
0.037055631,0.035644923
0.037081861,0.035683178
0.037108102,0.035721448
0.037134352,0.035759732
0.037160612,0.035798031
0.037186882,0.035836343
0.037213162,0.035874669
0.037239452,0.03591301
0.037265752,0.035951364
0.037292062,0.035989731
0.037318381,0.036028113
0.037344711,0.036066507
0.03737105,0.036104915
0.037397399,0.036143336
0.037423758,0.036181771
0.037450127,0.036220218
0.037476506,0.036258678
0.037502894,0.036297151
0.037529293,0.036335636
0.037555701,0.036374134
0.037582119,0.036412644
0.037608547,0.036451167
0.037634985,0.036489703
0.037661432,0.03652825
0.03768789,0.036566811
0.037714357,0.036605384
0.037740834,0.03664397
0.037767321,0.036682569
0.037793817,0.03672118
0.037820324,0.036759805
0.03784684,0.036798442
0.037873366,0.036837093
0.037899902,0.036875756
0.037926447,0.036914433
0.037953002,0.036953124
0.037979568,0.036991828
0.038006142,0.037030545
0.038032727,0.037069276
0.038059321,0.037108021
0.038085925,0.03714678
0.038112539,0.037185552
0.038139163,0.037224338
0.038165796,0.037263138
0.038192439,0.037301953
0.038219092,0.037340781
0.038245754,0.037379623
0.038272427,0.037418479
0.038299109,0.03745735
0.0383258,0.037496235
0.038352502,0.037535133
0.038379213,0.037574046
0.038405933,0.037612973
0.038432664,0.037651914
0.038459404,0.03769087
0.038486154,0.037729839
0.038512913,0.037768823
0.038539682,0.03780782
0.038566461,0.037846831
0.03859325,0.037885857
0.038620048,0.037924896
0.038646856,0.037963949
0.038673673,0.038003016
0.0387005,0.038042097
0.038727337,0.038081191
0.038754184,0.038120299
0.03878104,0.03815942
0.038807905,0.038198555
0.038834781,0.038237703
0.038861666,0.038276864
0.03888856,0.038316038
0.038915465,0.038355226
0.038942378,0.038394426
0.038969302,0.038433639
0.038996235,0.038472864
0.039023177,0.038512102
0.03905013,0.038551353
0.039077091,0.038590615
0.039104063,0.03862989
0.039131044,0.038669177
0.039158034,0.038708476
0.039185034,0.038747786
0.039212044,0.038787109
0.039239063,0.038826444
0.039266092,0.03886579
0.03929313,0.038905149
0.039320178,0.038944519
0.039347236,0.038983902
0.039374303,0.039023297
0.039401379,0.039062704
0.039428465,0.039102124
0.039455561,0.039141556
0.039482666,0.039181001
0.039509781,0.039220458
0.039536905,0.039259928
0.039564038,0.039299411
0.039591182,0.039338906
0.039618334,0.039378415
0.039645496,0.039417937
0.039672668,0.039457471
0.039699849,0.03949702
0.03972704,0.039536581
0.03975424,0.039576155
0.03978145,0.039615743
0.039808669,0.039655345
0.039835897,0.03969496
0.039863135,0.039734588
0.039890383,0.03977423
0.039917639,0.039813886
0.039944906,0.039853555
0.039972182,0.039893237
0.039999467,0.039932933
0.040026761,0.039972643
0.040054066,0.040012366
0.040081379,0.040052103
0.040108702,0.040091854
0.040136034,0.040131618
0.040163376,0.040171395
0.040190727,0.040211186
0.040218088,0.04025099
0.040245458,0.040290808
0.040272837,0.040330638
0.040300226,0.040370482
0.040327624,0.04041034
0.040355032,0.04045021
0.040382449,0.040490093
0.040409875,0.040529989
0.040437311,0.040569898
0.040464756,0.04060982
0.04049221,0.040649754
0.040519674,0.040689701
0.040547147,0.040729661
0.040574629,0.040769632
0.040602121,0.040809616
0.040629622,0.040849612
0.040657133,0.04088962
0.040684653,0.040929639
0.040712182,0.040969671
0.04073972,0.041009714
0.040767268,0.041049768
0.040794825,0.041089834
0.040822392,0.041129911
0.040849967,0.04117
0.040877552,0.0412101
0.040905146,0.041250211
0.04093275,0.041290334
0.040960363,0.041330468
0.040987985,0.041370614
0.041015616,0.041410772
0.041043257,0.041450941
0.041070907,0.041491122
0.041098566,0.041531315
0.041126235,0.04157152
0.041153913,0.041611737
0.0411816,0.041651967
0.041209296,0.041692208
0.041237001,0.041732462
0.041264716,0.041772728
0.04129244,0.041813007
0.041320173,0.041853298
0.041347916,0.041893602
0.041375667,0.041933919
0.041403428,0.041974249
0.041431198,0.042014591
0.041458977,0.042054946
0.041486766,0.042095314
0.041514563,0.042135695
0.04154237,0.042176089
0.041570186,0.042216496
0.041598012,0.042256916
0.041625846,0.04229735
0.041653689,0.042337796
0.041681542,0.042378255
0.041709404,0.042418727
0.041737275,0.042459212
0.041765155,0.04249971
0.041793045,0.042540221
0.041820943,0.042580745
0.041848851,0.042621282
0.041876768,0.042661832
0.041904694,0.042702395
0.041932629,0.04274297
0.041960573,0.042783558
0.041988526,0.042824158
0.042016489,0.042864771
0.04204446,0.042905397
0.042072441,0.042946035
0.042100431,0.042986685
0.04212843,0.043027347
0.042156438,0.043068022
0.042184455,0.043108708
0.042212481,0.043149407
0.042240516,0.043190117
0.042268561,0.043230838
0.042296614,0.043271572
0.042324676,0.043312316
0.042352748,0.043353072
0.042380828,0.043393839
0.042408918,0.043434618
0.042437017,0.043475407
0.042465125,0.043516207
0.042493241,0.043557017
0.042521367,0.043597839
0.042549502,0.043638671
0.042577646,0.043679515
0.042605799,0.043720369
0.042633961,0.043761234
0.042662132,0.043802111
0.042690312,0.043842998
0.0427185,0.043883896
0.042746698,0.043924806
0.042774905,0.043965728
0.042803121,0.04400666
0.042831346,0.044047604
0.04285958,0.04408856
0.042887823,0.044129528
0.042916075,0.044170507
0.042944336,0.044211498
0.042972606,0.044252502
0.043000884,0.044293517
0.043029172,0.044334544
0.043057469,0.044375584
0.043085774,0.044416636
0.043114089,0.0444577
0.043142413,0.044498776
0.043170745,0.044539865
0.043199086,0.044580966
0.043227437,0.04462208
0.043255796,0.044663206
0.043284164,0.044704344
0.043312541,0.044745495
0.043340927,0.044786659
0.043369322,0.044827835
0.043397726,0.044869024
0.043426138,0.044910225
0.04345456,0.044951438
0.04348299,0.044992664
0.04351143,0.045033902
0.043539878,0.045075153
0.043568335,0.045116416
0.043596801,0.045157691
0.043625276,0.045198979
0.04365376,0.045240278
0.043682252,0.04528159
0.043710754,0.045322913
0.043739264,0.045364249
0.043767783,0.045405596
0.043796311,0.045446956
0.043824848,0.045488326
0.043853393,0.045529709
0.043881948,0.045571102
0.043910511,0.045612508
0.043939083,0.045653924
0.043967664,0.045695352
0.043996253,0.04573679
0.044024852,0.045778239
0.044053459,0.0458197
0.044082075,0.04586117
0.0441107,0.045902652
0.044139334,0.045944143
0.044167976,0.045985646
0.044196627,0.046027158
0.044225287,0.046068681
0.044253956,0.046110214
0.044282633,0.046151757
0.04431132,0.046193311
0.044340015,0.046234875
0.044368718,0.046276449
0.044397431,0.046318035
0.044426152,0.046359631
0.044454882,0.046401237
0.044483621,0.046442855
0.044512368,0.046484483
0.044541124,0.046526123
0.044569889,0.046567773
0.044598663,0.046609435
0.044627445,0.046651108
0.044656236,0.046692793
0.044685036,0.046734489
0.044713844,0.046776196
0.044742661,0.046817915
0.044771487,0.046859646
0.044800321,0.046901388
0.044829164,0.046943142
0.044858016,0.046984908
0.044886877,0.047026686
0.044915746,0.047068475
0.044944624,0.047110277
0.04497351,0.047152091
0.045002405,0.047193916
0.045031309,0.047235754
0.045060221,0.047277603
0.045089142,0.047319465
0.045118072,0.047361338
0.04514701,0.047403223
0.045175957,0.047445121
0.045204913,0.04748703
0.045233877,0.047528951
0.04526285,0.047570884
0.045291831,0.047612829
0.045320821,0.047654785
0.04534982,0.047696753
0.045378827,0.047738733
0.045407842,0.047780724
0.045436867,0.047822727
0.0454659,0.047864741
0.045494941,0.047906767
0.045523991,0.047948803
0.04555305,0.047990851
0.045582117,0.04803291
0.045611193,0.04807498
0.045640277,0.048117061
0.04566937,0.048159152
0.045698471,0.048201254
0.045727581,0.048243367
0.0457567,0.04828549
0.045785827,0.048327623
0.045814962,0.048369766
0.045844106,0.04841192
0.045873259,0.048454083
0.04590242,0.048496256
0.04593159,0.048538439
0.045960768,0.048580631
0.045989954,0.048622833
0.04601915,0.048665046
0.046048353,0.048707268
0.046077565,0.0487495
0.046106786,0.048791742
0.046136015,0.048833994
0.046165252,0.048876256
0.046194498,0.048918529
0.046223753,0.048960812
0.046253016,0.049003105
0.046282287,0.049045409
0.046311567,0.049087723
0.046340855,0.049130048
0.046370152,0.049172384
0.046399457,0.049214731
0.046428771,0.049257088
0.046458093,0.049299457
0.046487423,0.049341837
0.046516762,0.049384228
0.046546109,0.04942663
0.046575465,0.049469043
0.046604829,0.049511468
0.046634202,0.049553904
0.046663582,0.049596351
0.046692972,0.04963881
0.046722369,0.04968128
0.046751775,0.049723762
0.04678119,0.049766255
0.046810613,0.04980876
0.046840044,0.049851276
0.046869484,0.049893803
0.046898931,0.049936342
0.046928388,0.049978893
0.046957852,0.050021455
0.046987325,0.050064028
0.047016807,0.050106613
0.047046296,0.050149208
0.047075794,0.050191816
0.047105301,0.050234434
0.047134815,0.050277063
0.047164338,0.050319704
0.04719387,0.050362355
0.047223409,0.050405017
0.047252957,0.050447691
0.047282514,0.050490374
0.047312078,0.050533069
0.047341651,0.050575774
0.047371232,0.05061849
0.047400822,0.050661215
0.047430419,0.050703952
0.047460025,0.050746698
0.04748964,0.050789454
0.047519262,0.05083222
0.047548893,0.050874996
0.047578532,0.050917781
0.047608179,0.050960576
0.047637835,0.05100338
0.047667499,0.051046194
0.047697171,0.051089017
0.047726851,0.051131849
0.04775654,0.051174691
0.047786237,0.051217542
0.047815942,0.051260402
0.047845655,0.051303271
0.047875376,0.051346151
0.047905106,0.051389039
0.047934844,0.051431938
0.04796459,0.051474846
0.047994344,0.051517764
0.048024107,0.051560692
0.048053877,0.05160363
0.048083656,0.051646578
0.048113443,0.051689536
0.048143239,0.051732505
0.048173042,0.051775484
0.048202853,0.051818473
0.048232673,0.051861473
0.048262501,0.051904483
0.048292337,0.051947505
0.048322181,0.051990536
0.048352034,0.052033579
0.048381894,0.052076632
0.048411763,0.052119697
0.04844164,0.052162772
0.048471525,0.052205858
0.048501418,0.052248955
0.048531319,0.052292063
0.048561228,0.052335182
0.048591145,0.052378312
0.048621071,0.052421453
0.048651004,0.052464605
0.048680946,0.052507768
0.048710896,0.052550941
0.048740854,0.052594126
0.04877082,0.052637322
0.048800794,0.052680528
0.048830776,0.052723745
0.048860766,0.052766973
0.048890764,0.052810212
0.048920771,0.052853461
0.048950785,0.052896721
0.048980807,0.052939992
0.049010838,0.052983272
0.049040877,0.053026564
0.049070923,0.053069865
0.049100978,0.053113176
0.04913104,0.053156498
0.049161111,0.05319983
0.04919119,0.053243171
0.049221277,0.053286522
0.049251371,0.053329883
0.049281474,0.053373253
0.049311585,0.053416633
0.049341704,0.053460022
0.04937183,0.05350342
0.049401965,0.053546827
0.049432108,0.053590243
0.049462259,0.053633667
0.049492417,0.053677101
0.049522584,0.053720543
0.049552759,0.053763995
0.049582941,0.053807455
0.049613132,0.053850924
0.049643331,0.053894402
0.049673537,0.053937889
0.049703752,0.053981385
0.049733974,0.05402489
0.049764204,0.054068405
0.049794443,0.054111928
0.049824689,0.054155462
0.049854943,0.054199005
0.049885205,0.054242557
0.049915475,0.054286119
0.049945753,0.054329691
0.049976039,0.054373273
0.050006333,0.054416865
0.050036634,0.054460467
0.050066944,0.054504079
0.050097261,0.054547701
0.050127587,0.054591333
0.05015792,0.054634976
0.050188261,0.054678629
0.05021861,0.054722292
0.050248967,0.054765966
0.050279332,0.05480965
0.050309704,0.054853345
0.050340085,0.05489705
0.050370473,0.054940766
0.050400869,0.054984492
0.050431273,0.055028229
0.050461685,0.055071976
0.050492105,0.055115734
0.050522532,0.055159502
0.050552968,0.055203281
0.050583411,0.05524707
0.050613862,0.055290869
0.050644321,0.055334679
0.050674787,0.055378499
0.050705262,0.055422329
0.050735744,0.055466169
0.050766234,0.05551002
0.050796732,0.05555388
0.050827238,0.05559775
0.050857751,0.055641631
0.050888272,0.055685521
0.050918801,0.05572942
0.050949338,0.05577333
0.050979882,0.055817248
0.051010435,0.055861177
0.051040995,0.055905114
0.051071563,0.05594906
0.051102138,0.055993016
0.051132722,0.056036981
0.051163313,0.056080954
0.051193911,0.056124936
0.051224518,0.056168926
0.051255132,0.056212925
0.051285754,0.056256932
0.051316384,0.056300948
0.051347021,0.056344972
0.051377666,0.056389004
0.051408319,0.056433045
0.05143898,0.056477094
0.051469648,0.056521152
0.051500324,0.056565218
0.051531008,0.056609293
0.051561699,0.056653376
0.051592398,0.056697469
0.051623105,0.05674157
0.051653819,0.05678568
0.051684541,0.056829799
0.051715271,0.056873928
0.051746008,0.056918065
0.051776753,0.056962212
0.051807506,0.057006369
0.051838266,0.057050535
0.051869034,0.05709471
0.05189981,0.057138895
0.051930593,0.05718309
0.051961384,0.057227295
0.051992182,0.057271509
0.052022989,0.057315733
0.052053802,0.057359967
0.052084624,0.057404212
0.052115453,0.057448466
0.052146289,0.05749273
0.052177134,0.057537004
0.052207985,0.057581288
0.052238845,0.057625582
0.052269712,0.057669887
0.052300586,0.057714201
0.052331468,0.057758525
0.052362358,0.057802859
0.052393255,0.057847204
0.05242416,0.057891558
0.052455073,0.057935922
0.052485993,0.057980296
0.05251692,0.05802468
0.052547855,0.058069073
0.052578798,0.058113477
0.052609748,0.05815789
0.052640706,0.058202312
0.052671671,0.058246744
0.052702644,0.058291185
0.052733624,0.058335636
0.052764612,0.058380096
0.052795607,0.058424565
0.05282661,0.058469043
0.052857621,0.058513529
0.052888639,0.058558025
0.052919664,0.05860253
0.052950697,0.058647042
0.052981737,0.058691564
0.053012785,0.058736094
0.05304384,0.058780632
0.053074903,0.058825178
0.053105973,0.058869732
0.053137051,0.058914294
0.053168136,0.058958863
0.053199229,0.059003441
0.053230329,0.059048027
0.053261437,0.05909262
0.053292552,0.059137222
0.053323674,0.059181831
0.053354804,0.059226449
0.053385942,0.059271075
0.053417087,0.059315709
0.053448239,0.059360351
0.053479399,0.059405002
0.053510566,0.059449661
0.05354174,0.059494329
0.053572922,0.059539006
0.053604111,0.059583691
0.053635308,0.059628385
0.053666512,0.059673089
0.053697724,0.059717801
0.053728943,0.059762522
0.053760169,0.059807253
0.053791403,0.059851993
0.053822644,0.059896742
0.053853892,0.059941501
0.053885148,0.059986269
0.053916411,0.060031046
0.053947682,0.060075833
0.05397896,0.060120629
0.054010245,0.060165435
0.054041537,0.060210251
0.054072837,0.060255076
0.054104145,0.060299911
0.054135459,0.060344755
0.054166781,0.060389609
0.05419811,0.060434473
0.054229447,0.060479346
0.054260791,0.060524228
0.054292142,0.06056912
0.054323501,0.060614022
0.054354867,0.060658933
0.05438624,0.060703853
0.05441762,0.060748782
0.054449008,0.060793721
0.054480403,0.060838669
0.054511805,0.060883626
0.054543215,0.060928592
0.054574632,0.060973568
0.054606056,0.061018551
0.054637487,0.061063544
0.054668926,0.061108546
0.054700372,0.061153556
0.054731825,0.061198574
0.054763286,0.061243601
0.054794753,0.061288636
0.054826228,0.061333679
0.054857711,0.06137873
0.0548892,0.061423789
0.054920697,0.061468856
0.054952201,0.06151393
0.054983712,0.061559012
0.05501523,0.061604102
0.055046756,0.061649199
0.055078288,0.061694303
0.055109828,0.061739415
0.055141376,0.061784534
0.05517293,0.061829661
0.055204492,0.061874795
0.05523606,0.061919937
0.055267636,0.061965087
0.055299219,0.062010245
0.05533081,0.06205541
0.055362407,0.062100584
0.055394012,0.062145765
0.055425624,0.062190955
0.055457243,0.062236153
0.055488869,0.062281359
0.055520502,0.062326574
0.055552143,0.062371797
0.05558379,0.062417029
0.055615445,0.062462269
0.055647107,0.062507519
0.055678776,0.062552777
0.055710452,0.062598044
0.055742135,0.06264332
0.055773826,0.062688604
0.055805523,0.062733898
0.055837228,0.062779201
0.05586894,0.062824513
0.055900658,0.062869834
0.055932384,0.062915165
0.055964117,0.062960504
0.055995857,0.063005853
0.056027605,0.06305121
0.056059359,0.063096577
0.05609112,0.063141953
0.056122889,0.063187338
0.056154664,0.063232733
0.056186447,0.063278136
0.056218236,0.063323548
0.056250033,0.063368969
0.056281837,0.063414399
0.056313648,0.063459838
0.056345466,0.063505286
0.056377291,0.063550743
0.056409123,0.063596208
0.056440962,0.063641682
0.056472808,0.063687164
0.056504661,0.063732655
0.056536521,0.063778154
0.056568388,0.063823661
0.056600262,0.063869177
0.056632143,0.0639147
0.056664031,0.063960232
0.056695926,0.064005771
0.056727828,0.064051318
0.056759737,0.064096873
0.056791653,0.064142435
0.056823577,0.064188004
0.056855507,0.06423358
0.056887444,0.064279164
0.056919388,0.064324755
0.056951339,0.064370352
0.056983297,0.064415957
0.057015262,0.064461568
0.057047234,0.064507187
0.057079212,0.064552813
0.057111198,0.064598446
0.057143191,0.064644086
0.057175191,0.064689734
0.057207197,0.064735388
0.057239211,0.064781051
0.057271231,0.064826721
0.057303259,0.064872398
0.057335293,0.064918083
0.057367334,0.064963776
0.057399382,0.065009477
0.057431437,0.065055186
0.057463499,0.065100904
0.057495568,0.065146629
0.057527644,0.065192362
0.057559727,0.065238104
0.057591816,0.065283854
0.057623913,0.065329613
0.057656016,0.06537538
0.057688126,0.065421156
0.057720243,0.06546694
0.057752367,0.065512733
0.057784498,0.065558535
0.057816636,0.065604345
0.05784878,0.065650164
0.057880932,0.065695992
0.05791309,0.065741828
0.057945255,0.065787673
0.057977427,0.065833527
0.058009606,0.06587939
0.058041791,0.065925261
0.058073984,0.065971141
0.058106183,0.066017029
0.058138389,0.066062926
0.058170602,0.066108832
0.058202822,0.066154746
0.058235048,0.066200669
0.058267281,0.0662466
0.058299521,0.066292539
0.058331768,0.066338487
0.058364022,0.066384443
0.058396283,0.066430406
0.05842855,0.066476378
0.058460824,0.066522358
0.058493105,0.066568345
0.058525392,0.066614341
0.058557687,0.066660344
0.058589988,0.066706354
0.058622296,0.066752372
0.058654611,0.066798397
0.058686932,0.066844429
0.05871926,0.066890468
0.058751595,0.066936514
0.058783937,0.066982567
0.058816285,0.067028627
0.05884864,0.067074693
0.058881002,0.067120766
0.058913371,0.067166845
0.058945746,0.067212931
0.058978128,0.067259024
0.059010517,0.067305123
0.059042913,0.067351229
0.059075315,0.067397342
0.059107724,0.067443461
0.059140139,0.067489588
0.059172561,0.067535722
0.05920499,0.067581863
0.059237426,0.067628011
0.059269868,0.067674166
0.059302317,0.067720329
0.059334773,0.067766499
0.059367236,0.067812677
0.059399705,0.067858862
0.05943218,0.067905056
0.059464663,0.067951257
0.059497152,0.067997466
0.059529647,0.068043683
0.05956215,0.068089908
0.059594659,0.068136141
0.059627174,0.068182382
0.059659696,0.068228632
0.059692225,0.068274889
0.059724761,0.068321155
0.059757303,0.068367429
0.059789852,0.068413712
0.059822407,0.068460002
0.059854969,0.068506301
0.059887538,0.068552609
0.059920113,0.068598924
0.059952695,0.068645248
0.059985283,0.06869158
0.060017878,0.068737921
0.06005048,0.06878427
0.060083088,0.068830626
0.060115702,0.068876991
0.060148324,0.068923364
0.060180952,0.068969745
0.060213586,0.069016135
0.060246227,0.069062531
0.060278875,0.069108936
0.060311529,0.069155349
0.06034419,0.069201769
0.060376857,0.069248197
0.060409531,0.069294632
0.060442211,0.069341075
0.060474898,0.069387525
0.060507591,0.069433982
0.060540291,0.069480447
0.060572998,0.069526918
0.060605711,0.069573396
0.060638431,0.069619881
0.060671157,0.069666372
0.060703889,0.06971287
0.060736628,0.069759375
0.060769374,0.069805885
0.060802126,0.069852402
0.060834884,0.069898925
0.06086765,0.069945455
0.060900421,0.06999199
0.060933199,0.070038532
0.060965984,0.070085079
0.060998775,0.070131634
0.061031572,0.070178194
0.061064376,0.070224761
0.061097187,0.070271335
0.061130004,0.070317915
0.061162827,0.070364502
0.061195657,0.070411096
0.061228493,0.070457697
0.061261336,0.070504305
0.061294185,0.070550919
0.06132704,0.070597541
0.061359902,0.070644171
0.061392771,0.070690807
0.061425646,0.070737451
0.061458527,0.070784103
0.061491415,0.070830762
0.061524309,0.070877429
0.06155721,0.070924103
0.061590117,0.070970785
0.06162303,0.071017475
0.06165595,0.071064173
0.061688876,0.071110878
0.061721809,0.071157592
0.061754748,0.071204313
0.061787693,0.071251042
0.061820645,0.071297779
0.061853603,0.071344524
0.061886567,0.071391277
0.061919538,0.071438038
0.061952515,0.071484807
0.061985499,0.071531583
0.062018489,0.071578368
0.062051485,0.07162516
0.062084488,0.07167196
0.062117497,0.071718767
0.062150512,0.071765582
0.062183534,0.071812405
0.062216562,0.071859235
0.062249597,0.071906073
0.062282637,0.071952918
0.062315684,0.07199977
0.062348738,0.072046629
0.062381797,0.072093496
0.062414863,0.07214037
0.062447936,0.07218725
0.062481014,0.072234137
0.062514099,0.072281031
0.062547191,0.072327932
0.062580288,0.072374839
0.062613392,0.072421752
0.062646502,0.072468672
0.062679619,0.072515598
0.062712741,0.072562529
0.06274587,0.072609467
0.062779005,0.07265641
0.062812147,0.072703359
0.062845295,0.072750314
0.062878449,0.072797275
0.062911609,0.072844241
0.062944776,0.072891214
0.062977949,0.072938192
0.063011128,0.072985176
0.063044313,0.073032166
0.063077504,0.073079163
0.063110702,0.073126166
0.063143906,0.073173175
0.063177117,0.07322019
0.063210333,0.073267212
0.063243556,0.073314241
0.063276785,0.073361276
0.06331002,0.073408319
0.063343261,0.073455368
0.063376509,0.073502424
0.063409763,0.073549487
0.063443023,0.073596557
0.063476289,0.073643634
0.063509561,0.073690718
0.06354284,0.07373781
0.063576124,0.073784909
0.063609415,0.073832016
0.063642713,0.07387913
0.063676016,0.073926251
0.063709325,0.07397338
0.063742641,0.074020516
0.063775963,0.07406766
0.063809291,0.074114811
0.063842625,0.07416197
0.063875965,0.074209136
0.063909312,0.07425631
0.063942664,0.074303492
0.063976023,0.07435068
0.064009388,0.074397877
0.064042759,0.07444508
0.064076136,0.074492291
0.064109519,0.074539509
0.064142908,0.074586735
0.064176304,0.074633967
0.064209705,0.074681207
0.064243113,0.074728454
0.064276527,0.074775708
0.064309947,0.074822968
0.064343373,0.074870236
0.064376805,0.07491751
0.064410243,0.074964791
0.064443688,0.075012078
0.064477138,0.075059372
0.064510595,0.075106672
0.064544057,0.075153978
0.064577526,0.07520129
0.064611001,0.075248609
0.064644482,0.075295933
0.064677968,0.075343262
0.064711461,0.075390598
0.06474496,0.075437939
0.064778465,0.075485285
0.064811977,0.075532637
0.064845494,0.075579994
0.064879017,0.075627356
0.064912546,0.075674724
0.064946082,0.075722097
0.064979623,0.075769476
0.06501317,0.075816861
0.065046724,0.075864251
0.065080283,0.075911647
0.065113849,0.075959049
0.06514742,0.076006457
0.065180997,0.076053871
0.065214581,0.076101291
0.06524817,0.076148717
0.065281766,0.076196149
0.065315367,0.076243588
0.065348975,0.076291034
0.065382588,0.076338486
0.065416208,0.076385944
0.065449833,0.07643341
0.065483465,0.076480882
0.065517102,0.076528361
0.065550746,0.076575847
0.065584395,0.076623339
0.06561805,0.076670839
0.065651711,0.076718346
0.065685379,0.07676586
0.065719052,0.076813381
0.065752731,0.076860909
0.065786416,0.076908444
0.065820107,0.076955987
0.065853804,0.077003536
0.065887507,0.077051093
0.065921216,0.077098657
0.065954931,0.077146228
0.065988652,0.077193806
0.066022378,0.077241391
0.066056111,0.077288983
0.066089849,0.077336582
0.066123594,0.077384187
0.066157344,0.0774318
0.0661911,0.07747942
0.066224863,0.077527046
0.066258631,0.077574679
0.066292405,0.077622318
0.066326184,0.077669964
0.06635997,0.077717617
0.066393762,0.077765276
0.066427559,0.077812941
0.066461363,0.077860612
0.066495172,0.077908289
0.066528987,0.077955972
0.066562808,0.078003661
0.066596635,0.078051356
0.066630468,0.078099056
0.066664306,0.078146762
0.066698151,0.078194473
0.066732001,0.078242189
0.066765857,0.07828991
0.066799719,0.078337636
0.066833587,0.078385368
0.066867461,0.078433104
0.06690134,0.078480846
0.066935226,0.078528592
0.066969117,0.078576344
0.067003014,0.0786241
0.067036917,0.078671862
0.067070825,0.07871963
0.06710474,0.078767402
0.06713866,0.078815181
0.067172586,0.078862964
0.067206518,0.078910754
0.067240456,0.078958549
0.067274399,0.07900635
0.067308348,0.079054157
0.067342303,0.07910197
0.067376264,0.079149789
0.067410231,0.079197615
0.067444203,0.079245446
0.067478182,0.079293284
0.067512165,0.079341129
0.067546155,0.07938898
0.067580151,0.079436837
0.067614152,0.079484701
0.067648159,0.079532571
0.067682172,0.079580449
0.06771619,0.079628333
0.067750215,0.079676223
0.067784245,0.079724121
0.06781828,0.079772025
0.067852322,0.079819936
0.067886369,0.079867854
0.067920422,0.079915778
0.067954481,0.079963709
0.067988545,0.080011647
0.068022616,0.080059592
0.068056691,0.080107543
0.068090773,0.080155501
0.06812486,0.080203466
0.068158953,0.080251437
0.068193052,0.080299414
0.068227157,0.080347398
0.068261267,0.080395389
0.068295383,0.080443385
0.068329504,0.080491388
0.068363631,0.080539397
0.068397764,0.080587412
0.068431903,0.080635433
0.068466047,0.08068346
0.068500197,0.080731493
0.068534353,0.080779531
0.068568514,0.080827575
0.068602681,0.080875625
0.068636853,0.080923679
0.068671032,0.080971739
0.068705216,0.081019804
0.068739405,0.081067874
0.0687736,0.081115949
0.068807801,0.081164029
0.068842008,0.081212113
0.06887622,0.081260202
0.068910438,0.081308295
0.068944661,0.081356394
0.06897889,0.081404497
0.069013125,0.081452604
0.069047365,0.081500717
0.069081611,0.081548834
0.069115863,0.081596956
0.06915012,0.081645084
0.069184383,0.081693216
0.069218651,0.081741354
0.069252925,0.081789497
0.069287205,0.081837645
0.06932149,0.081885799
0.069355781,0.081933958
0.069390077,0.081982123
0.069424379,0.082030294
0.069458686,0.082078471
0.069493,0.082126654
0.069527318,0.082174842
0.069561643,0.082223037
0.069595972,0.082271238
0.069630308,0.082319445
0.069664649,0.082367658
0.069698995,0.082415877
0.069733347,0.082464103
0.069767705,0.082512335
0.069802068,0.082560573
0.069836437,0.082608818
0.069870811,0.082657069
0.069905191,0.082705327
0.069939576,0.082753591
0.069973967,0.082801861
0.070008364,0.082850138
0.070042766,0.082898421
0.070077173,0.082946711
0.070111586,0.082995007
0.070146005,0.083043309
0.070180429,0.083091617
0.070214858,0.083139931
0.070249293,0.083188252
0.070283734,0.083236579
0.07031818,0.083284912
0.070352632,0.08333325
0.070387089,0.083381595
0.070421551,0.083429945
0.070456019,0.083478301
0.070490493,0.083526663
0.070524972,0.08357503
0.070559456,0.083623402
0.070593946,0.08367178
0.070628442,0.083720163
0.070662943,0.083768552
0.070697449,0.083816945
0.070731961,0.083865343
0.070766478,0.083913746
0.070801001,0.083962153
0.070835529,0.084010565
0.070870063,0.084058981
0.070904602,0.084107402
0.070939147,0.084155826
0.070973697,0.084204256
0.071008252,0.084252689
0.071042813,0.084301127
0.071077379,0.084349569
0.071111951,0.084398016
0.071146528,0.084446467
0.071181111,0.084494923
0.071215699,0.084543383
0.071250292,0.084591848
0.071284891,0.084640318
0.071319495,0.084688794
0.071354105,0.084737274
0.07138872,0.084785759
0.071423341,0.084834249
0.071457967,0.084882745
0.071492598,0.084931246
0.071527234,0.084979753
0.071561876,0.085028265
0.071596524,0.085076783
0.071631177,0.085125307
0.071665835,0.085173836
0.071700499,0.085222371
0.071735167,0.085270912
0.071769842,0.085319459
0.071804521,0.085368012
0.071839207,0.085416571
0.071873897,0.085465136
0.071908593,0.085513706
0.071943294,0.085562283
0.071978,0.085610866
0.072012712,0.085659455
0.072047429,0.085708051
0.072082152,0.085756652
0.07211688,0.085805259
0.072151613,0.085853872
0.072186351,0.085902491
0.072221095,0.085951116
0.072255844,0.085999747
0.072290599,0.086048384
0.072325359,0.086097027
0.072360124,0.086145675
0.072394894,0.086194329
0.07242967,0.086242988
0.072464451,0.086291653
0.072499238,0.086340324
0.072534029,0.086389
0.072568826,0.086437681
0.072603628,0.086486367
0.072638436,0.086535059
0.072673249,0.086583755
0.072708067,0.086632456
0.07274289,0.086681162
0.072777719,0.086729873
0.072812553,0.086778588
0.072847392,0.086827307
0.072882237,0.086876031
0.072917087,0.086924759
0.072951942,0.086973491
0.072986802,0.087022227
0.073021668,0.087070967
0.073056539,0.08711971
0.073091415,0.087168458
0.073126296,0.08721721
0.073161183,0.087265966
0.073196075,0.087314726
0.073230972,0.08736349
0.073265874,0.087412258
0.073300782,0.087461031
0.073335694,0.087509808
0.073370612,0.08755859
0.073405536,0.087607376
0.073440464,0.087656167
0.073475398,0.087704963
0.073510337,0.087753764
0.073545281,0.087802569
0.07358023,0.08785138
0.073615185,0.087900196
0.073650144,0.087949017
0.073685109,0.087997843
0.07372008,0.088046675
0.073755055,0.088095512
0.073790035,0.088144355
0.073825021,0.088193203
0.073860012,0.088242057
0.073895008,0.088290916
0.073930009,0.088339781
0.073965016,0.088388652
0.074000028,0.088437528
0.074035044,0.08848641
0.074070066,0.088535298
0.074105094,0.088584191
0.074140126,0.08863309
0.074175163,0.088681995
0.074210206,0.088730906
0.074245254,0.088779822
0.074280307,0.088828744
0.074315365,0.088877672
0.074350428,0.088926605
0.074385496,0.088975543
0.07442057,0.089024487
0.074455649,0.089073436
0.074490732,0.089122391
0.074525821,0.089171351
0.074560915,0.089220316
0.074596015,0.089269286
0.074631119,0.089318262
0.074666228,0.089367242
0.074701343,0.089416227
0.074736463,0.089465216
0.074771587,0.089514211
0.074806717,0.08956321
0.074841852,0.089612213
0.074876992,0.089661221
0.074912138,0.089710232
0.074947288,0.089759248
0.074982443,0.089808268
0.075017604,0.089857291
0.075052769,0.089906319
0.07508794,0.08995535
0.075123116,0.090004384
0.075158296,0.090053422
0.075193482,0.090102464
0.075228673,0.09015151
0.075263869,0.090200559
0.07529907,0.090249612
0.075334277,0.090298669
0.075369488,0.090347729
0.075404704,0.090396794
0.075439926,0.090445863
0.075475152,0.090494936
0.075510383,0.090544013
0.07554562,0.090593095
0.075580861,0.090642181
0.075616108,0.090691272
0.07565136,0.090740367
0.075686616,0.090789467
0.075721878,0.090838572
0.075757145,0.090887682
0.075792417,0.090936796
0.075827693,0.090985916
0.075862975,0.091035041
0.075898262,0.091084171
0.075933554,0.091133306
0.075968851,0.091182446
0.076004153,0.091231592
0.076039459,0.091280743
0.076074771,0.091329899
0.076110088,0.091379061
0.07614541,0.091428228
0.076180737,0.091477401
0.076216069,0.091526579
0.076251406,0.091575762
0.076286748,0.09162495
0.076322094,0.091674144
0.076357446,0.091723344
0.076392803,0.091772548
0.076428165,0.091821758
0.076463532,0.091870973
0.076498903,0.091920194
0.07653428,0.091969419
0.076569662,0.092018649
0.076605048,0.092067885
0.07664044,0.092117125
0.076675837,0.092166371
0.076711238,0.092215621
0.076746645,0.092264875
0.076782056,0.092314135
0.076817472,0.092363398
0.076852894,0.092412667
0.07688832,0.092461939
0.076923751,0.092511216
0.076959187,0.092560497
0.076994628,0.092609781
0.077030074,0.09265907
0.077065525,0.092708362
0.077100981,0.092757658
0.077136442,0.092806958
0.077171908,0.092856261
0.077207378,0.092905567
0.077242854,0.092954876
0.077278334,0.093004189
0.07731382,0.093053505
0.07734931,0.093102824
0.077384805,0.093152147
0.077420305,0.093201473
0.07745581,0.093250803
0.07749132,0.093300137
0.077526835,0.093349474
0.077562354,0.093398814
0.077597879,0.093448159
0.077633408,0.093497508
0.077668942,0.09354686
0.077704482,0.093596217
0.077740026,0.093645578
0.077775575,0.093694944
0.077811128,0.093744313
0.077846687,0.093793688
0.077882251,0.093843067
0.077917819,0.09389245
0.077953392,0.093941838
0.07798897,0.093991231
0.078024553,0.094040629
0.078060141,0.094090032
0.078095734,0.094139439
0.078131331,0.094188852
0.078166934,0.094238269
0.078202541,0.094287692
0.078238153,0.094337119
0.07827377,0.094386552
0.078309391,0.09443599
0.078345018,0.094485433
0.078380649,0.094534881
0.078416285,0.094584333
0.078451926,0.094633791
0.078487572,0.094683254
0.078523223,0.094732722
0.078558878,0.094782195
0.078594539,0.094831673
0.078630204,0.094881156
0.078665874,0.094930643
0.078701548,0.094980135
0.078737228,0.095029632
0.078772912,0.095079134
0.078808601,0.09512864
0.078844295,0.09517815
0.078879994,0.095227665
0.078915697,0.095277184
0.078951406,0.095326707
0.078987119,0.095376235
0.079022837,0.095425766
0.079058559,0.095475301
0.079094287,0.09552484
0.079130019,0.095574383
0.079165756,0.095623929
0.079201497,0.095673479
0.079237244,0.095723032
0.079272995,0.095772588
0.079308751,0.095822147
0.079344512,0.09587171
0.079380277,0.095921275
0.079416048,0.095970843
0.079451823,0.096020414
0.079487602,0.096069988
0.079523387,0.096119565
0.079559176,0.096169146
0.07959497,0.096218729
0.079630769,0.096268316
0.079666572,0.096317907
0.07970238,0.0963675
0.079738193,0.096417097
0.079774011,0.096466698
0.079809833,0.096516303
0.07984566,0.096565911
0.079881492,0.096615524
0.079917329,0.09666514
0.07995317,0.096714761
0.079989016,0.096764385
0.080024867,0.096814014
0.080060722,0.096863648
0.080096582,0.096913285
0.080132447,0.096962927
0.080168316,0.097012574
0.08020419,0.097062225
0.080240069,0.097111881
0.080275953,0.097161541
0.080311841,0.097211206
0.080347734,0.097260876
0.080383632,0.097310551
0.080419534,0.09736023
0.080455441,0.097409914
0.080491353,0.097459603
0.080527269,0.097509297
0.08056319,0.097558995
0.080599116,0.097608698
0.080635046,0.097658406
0.080670981,0.097708118
0.080706921,0.097757835
0.080742865,0.097807557
0.080778814,0.097857283
0.080814767,0.097907014
0.080850726,0.097956749
0.080886689,0.098006488
0.080922656,0.098056232
0.080958628,0.09810598
0.080994605,0.098155732
0.081030587,0.098205488
0.081066573,0.098255249
0.081102564,0.098305013
0.081138559,0.098354781
0.081174559,0.098404552
0.081210564,0.098454327
0.081246573,0.098504106
0.081282587,0.098553888
0.081318606,0.098603673
0.081354629,0.098653461
0.081390657,0.098703253
0.081426689,0.098753047
0.081462726,0.098802844
0.081498767,0.098852643
0.081534814,0.098902445
0.081570864,0.09895225
0.08160692,0.099002058
0.08164298,0.099051868
0.081679044,0.099101681
0.081715114,0.099151497
0.081751187,0.099201316
0.081787266,0.099251138
0.081823349,0.099300963
0.081859436,0.099350791
0.081895528,0.099400622
0.081931625,0.099450457
0.081967726,0.099500295
0.082003832,0.099550137
0.082039943,0.099599982
0.082076058,0.099649831
0.082112177,0.099699683
0.082148301,0.09974954
0.08218443,0.099799401
0.082220563,0.099849265
0.082256701,0.099899134
0.082292843,0.099949007
0.08232899,0.099998884
0.082365142,0.100048765
0.082401298,0.10009865
0.082437458,0.10014854
0.082473623,0.100198435
0.082509793,0.100248333
0.082545967,0.100298236
0.082582146,0.100348144
0.082618329,0.100398056
0.082654517,0.100447973
0.082690709,0.100497894
0.082726906,0.100547819
0.082763107,0.100597749
0.082799313,0.100647683
0.082835523,0.100697622
0.082871738,0.100747565
0.082907958,0.100797512
0.082944182,0.100847463
0.08298041,0.100897419
0.083016643,0.100947379
0.08305288,0.100997343
0.083089122,0.10104731
0.083125369,0.101097282
0.08316162,0.101147258
0.083197875,0.101197237
0.083234135,0.10124722
0.0832704,0.101297207
0.083306669,0.101347197
0.083342942,0.101397191
0.08337922,0.101447188
0.083415502,0.101497188
0.083451789,0.101547191
0.08348808,0.101597197
0.083524376,0.101647205
0.083560676,0.101697217
0.083596981,0.101747231
0.08363329,0.101797247
0.083669604,0.101847266
0.083705922,0.101897287
0.083742245,0.101947311
0.083778572,0.101997337
0.083814903,0.102047366
0.083851239,0.102097397
0.08388758,0.10214743
0.083923925,0.102197466
0.083960274,0.102247505
0.083996628,0.102297546
0.084032986,0.102347591
0.084069349,0.102397638
0.084105716,0.102447688
0.084142087,0.102497742
0.084178463,0.102547799
0.084214844,0.102597859
0.084251228,0.102647922
0.084287618,0.102697989
0.084324011,0.10274806
0.084360409,0.102798134
0.084396812,0.102848212
0.084433219,0.102898294
0.08446963,0.102948379
0.084506046,0.102998469
0.084542466,0.103048562
0.084578891,0.10309866
0.08461532,0.103148761
0.084651753,0.103198867
0.084688191,0.103248977
0.084724633,0.103299091
0.08476108,0.103349209
0.084797531,0.103399331
0.084833986,0.103449457
0.084870446,0.103499588
0.08490691,0.103549722
0.084943379,0.103599861
0.084979852,0.103650004
0.085016329,0.103700151
0.085052811,0.103750302
0.085089297,0.103800457
0.085125787,0.103850616
0.085162282,0.103900779
0.085198781,0.103950946
0.085235285,0.104001116
0.085271793,0.104051291
0.085308305,0.104101469
0.085344822,0.10415165
0.085381343,0.104201835
0.085417868,0.104252023
0.085454398,0.104302215
0.085490932,0.10435241
0.085527471,0.104402607
0.085564014,0.104452808
0.085600561,0.104503012
0.085637112,0.104553219
0.085673668,0.104603428
0.085710228,0.104653639
0.085746793,0.104703853
0.085783362,0.10475407
0.085819935,0.104804288
0.085856512,0.104854509
0.085893094,0.104904732
0.08592968,0.104954956
0.085966271,0.105005183
0.086002866,0.105055412
0.086039465,0.105105644
0.086076069,0.105155877
0.086112676,0.105206113
0.086149288,0.105256351
0.086185905,0.105306592
0.086222526,0.105356835
0.086259151,0.105407081
0.08629578,0.10545733
0.086332414,0.105507581
0.086369052,0.105557836
0.086405694,0.105608093
0.086442341,0.105658354
0.086478991,0.105708618
0.086515647,0.105758885
0.086552306,0.105809155
0.08658897,0.105859429
0.086625638,0.105909707
0.08666231,0.105959988
0.086698987,0.106010272
0.086735668,0.106060561
0.086772353,0.106110853
0.086809042,0.106161149
0.086845736,0.106211448
0.086882434,0.106261752
0.086919136,0.106312059
0.086955843,0.10636237
0.086992554,0.106412685
0.087029269,0.106463004
0.087065988,0.106513327
0.087102712,0.106563654
0.08713944,0.106613984
0.087176172,0.106664319
0.087212908,0.106714657
0.087249649,0.106764999
0.087286394,0.106815344
0.087323143,0.106865694
0.087359896,0.106916047
0.087396654,0.106966403
0.087433416,0.107016763
0.087470182,0.107067127
0.087506952,0.107117493
0.087543727,0.107167863
0.087580506,0.107218237
0.087617289,0.107268613
0.087654076,0.107318992
0.087690868,0.107369375
0.087727663,0.10741976
0.087764463,0.107470148
0.087801267,0.107520538
0.087838076,0.107570931
0.087874889,0.107621326
0.087911705,0.107671724
0.087948526,0.107722123
0.087985352,0.107772525
0.088022181,0.107822928
0.088059015,0.107873334
0.088095853,0.107923741
0.088132695,0.10797415
0.088169541,0.10802456
0.088206392,0.108074973
0.088243246,0.108125388
0.088280105,0.108175804
0.088316969,0.108226223
0.088353836,0.108276643
0.088390707,0.108327066
0.088427583,0.108377491
0.088464463,0.108427919
0.088501347,0.108478349
0.088538235,0.108528781
0.088575128,0.108579217
0.088612024,0.108629655
0.088648925,0.108680095
0.08868583,0.108730539
0.088722739,0.108780986
0.088759652,0.108831436
0.08879657,0.108881889
0.088833491,0.108932345
0.088870417,0.108982805
0.088907347,0.109033268
0.088944281,0.109083734
0.08898122,0.109134204
0.089018162,0.109184677
0.089055109,0.109235154
0.089092059,0.109285635
0.089129014,0.109336118
0.089165973,0.109386606
0.089202937,0.109437097
0.089239904,0.109487592
0.089276875,0.10953809
0.089313851,0.109588592
0.089350831,0.109639098
0.089387815,0.109689607
0.089424803,0.109740119
0.089461795,0.109790636
0.089498791,0.109841155
0.089535792,0.109891678
0.089572796,0.109942204
0.089609805,0.109992734
0.089646818,0.110043267
0.089683835,0.110093803
0.089720856,0.110144342
0.089757881,0.110194884
0.08979491,0.110245429
0.089831944,0.110295976
0.089868981,0.110346527
0.089906023,0.11039708
0.089943069,0.110447636
0.089980119,0.110498194
0.090017173,0.110548754
0.090054231,0.110599317
0.090091293,0.110649882
0.090128359,0.110700448
0.09016543,0.110751017
0.090202504,0.110801587
0.090239583,0.110852159
0.090276665,0.110902733
0.090313752,0.110953308
0.090350843,0.111003884
0.090387938,0.111054462
0.090425037,0.111105042
0.09046214,0.111155623
0.090499247,0.111206206
0.090536358,0.111256791
0.090573474,0.111307378
0.090610593,0.111357966
0.090647717,0.111408557
0.090684844,0.11145915
0.090721976,0.111509744
0.090759112,0.111560342
0.090796252,0.111610941
0.090833395,0.111661543
0.090870543,0.111712148
0.090907695,0.111762755
0.090944851,0.111813366
0.090982011,0.111863978
0.091019176,0.111914594
0.091056344,0.111965213
0.091093516,0.112015835
0.091130692,0.11206646
0.091167873,0.112117088
0.091205057,0.112167719
0.091242246,0.112218353
0.091279438,0.112268991
0.091316635,0.112319632
0.091353835,0.112370276
0.09139104,0.112420924
0.091428249,0.112471575
0.091465461,0.112522229
0.091502678,0.112572887
0.091539899,0.112623548
0.091577123,0.112674212
0.091614352,0.11272488
0.091651585,0.11277555
0.091688822,0.112826224
0.091726063,0.112876902
0.091763308,0.112927582
0.091800557,0.112978265
0.09183781,0.113028952
0.091875067,0.113079641
0.091912328,0.113130333
0.091949593,0.113181028
0.091986862,0.113231726
0.092024135,0.113282427
0.092061412,0.11333313
0.092098693,0.113383835
0.092135978,0.113434543
0.092173267,0.113485253
0.09221056,0.113535966
0.092247857,0.11358668
0.092285158,0.113637396
0.092322463,0.113688115
0.092359772,0.113738834
0.092397085,0.113789556
0.092434402,0.113840279
0.092471723,0.113891003
0.092509048,0.113941729
0.092546377,0.113992455
0.09258371,0.114043184
0.092621047,0.114093913
0.092658388,0.114144644
0.092695732,0.114195376
0.092733081,0.114246109
0.092770434,0.114296844
0.092807791,0.114347581
0.092845152,0.114398319
0.092882516,0.114449059
0.092919885,0.114499801
0.092957258,0.114550545
0.092994634,0.114601291
0.093032015,0.114652039
0.0930694,0.114702789
0.093106788,0.114753542
0.093144181,0.114804297
0.093181577,0.114855054
0.093218977,0.114905814
0.093256382,0.114956577
0.09329379,0.115007342
0.093331202,0.115058111
0.093368618,0.115108882
0.093406038,0.115159655
0.093443463,0.115210432
0.093480891,0.115261212
0.093518322,0.115311995
0.093555758,0.11536278
0.093593198,0.115413569
0.093630642,0.115464361
0.09366809,0.115515156
0.093705541,0.115565954
0.093742997,0.115616755
0.093780456,0.115667559
0.09381792,0.115718366
0.093855387,0.115769177
0.093892858,0.11581999
0.093930334,0.115870806
0.093967813,0.115921625
0.094005296,0.115972447
0.094042783,0.116023272
0.094080274,0.1160741
0.094117768,0.11612493
0.094155267,0.116175763
0.09419277,0.116226598
0.094230276,0.116277436
0.094267787,0.116328277
0.094305301,0.116379119
0.094342819,0.116429964
0.094380341,0.116480811
0.094417867,0.11653166
0.094455397,0.116582511
0.094492931,0.116633364
0.094530469,0.116684218
0.09456801,0.116735074
0.094605556,0.116785931
0.094643105,0.11683679
0.094680659,0.11688765
0.094718216,0.116938511
0.094755777,0.116989373
0.094793342,0.117040236
0.094830911,0.117091101
0.094868483,0.117141966
0.09490606,0.117192832
0.09494364,0.117243699
0.094981225,0.117294568
0.095018813,0.117345438
0.095056405,0.117396309
0.095094001,0.117447181
0.095131601,0.117498055
0.095169205,0.117548931
0.095206812,0.117599808
0.095244424,0.117650687
0.095282039,0.117701568
0.095319658,0.117752451
0.095357281,0.117803336
0.095394908,0.117854224
0.095432539,0.117905113
0.095470174,0.117956005
0.095507812,0.118006899
0.095545454,0.118057795
0.095583101,0.118108694
0.095620751,0.118159596
0.095658405,0.1182105
0.095696062,0.118261407
0.095733724,0.118312317
0.095771389,0.118363229
0.095809059,0.118414144
0.095846732,0.118465062
0.095884409,0.118515983
0.095922089,0.118566907
0.095959774,0.118617833
0.095997463,0.118668763
0.096035155,0.118719695
0.096072851,0.11877063
0.096110551,0.118821567
0.096148255,0.118872508
0.096185962,0.118923451
0.096223674,0.118974396
0.096261389,0.119025345
0.096299108,0.119076296
0.096336831,0.119127249
0.096374558,0.119178205
0.096412288,0.119229163
0.096450023,0.119280124
0.096487761,0.119331087
0.096525503,0.119382052
0.096563249,0.119433019
0.096600998,0.119483988
0.096638752,0.119534959
0.096676509,0.119585932
0.09671427,0.119636906
0.096752035,0.119687882
0.096789804,0.119738859
0.096827576,0.119789838
0.096865352,0.119840818
0.096903133,0.119891798
0.096940916,0.11994278
0.096978704,0.119993763
0.097016496,0.120044747
0.097054291,0.120095731
0.09709209,0.120146716
0.097129893,0.120197702
0.097167699,0.120248688
0.09720551,0.120299676
0.097243324,0.120350664
0.097281142,0.120401654
0.097318964,0.120452644
0.097356789,0.120503636
0.097394619,0.120554629
0.097432452,0.120605624
0.097470289,0.120656619
0.097508129,0.120707617
0.097545974,0.120758616
0.097583822,0.120809616
0.097621674,0.120860619
0.09765953,0.120911623
0.097697389,0.12096263
0.097735253,0.121013638
0.09777312,0.121064649
0.097810991,0.121115661
0.097848865,0.121166676
0.097886744,0.121217694
0.097924626,0.121268714
0.097962512,0.121319736
0.098000401,0.121370761
0.098038295,0.121421788
0.098076192,0.121472817
0.098114093,0.12152385
0.098151997,0.121574885
0.098189906,0.121625922
0.098227818,0.121676962
0.098265734,0.121728005
0.098303653,0.12177905
0.098341577,0.121830097
0.098379504,0.121881148
0.098417435,0.1219322
0.09845537,0.121983256
0.098493308,0.122034313
0.09853125,0.122085373
0.098569196,0.122136435
0.098607146,0.1221875
0.098645099,0.122238567
0.098683056,0.122289636
0.098721017,0.122340707
0.098758981,0.12239178
0.098796949,0.122442855
0.098834921,0.122493931
0.098872897,0.12254501
0.098910877,0.12259609
0.09894886,0.122647172
0.098986847,0.122698255
0.099024837,0.122749339
0.099062832,0.122800425
0.09910083,0.122851511
0.099138831,0.122902599
0.099176837,0.122953687
0.099214846,0.123004776
0.099252859,0.123055866
0.099290875,0.123106956
0.099328896,0.123158047
0.09936692,0.123209138
0.099404948,0.12326023
0.099442979,0.123311323
0.099481014,0.123362416
0.099519053,0.12341351
0.099557096,0.123464604
0.099595142,0.1235157
0.099633192,0.123566796
0.099671245,0.123617893
0.099709303,0.123668992
0.099747364,0.123720092
0.099785429,0.123771193
0.099823497,0.123822295
0.099861569,0.123873399
0.099899645,0.123924504
0.099937724,0.123975611
0.099975808,0.12402672
0.100013895,0.124077831
0.100051985,0.124128944
0.100090079,0.124180058
0.100128177,0.124231175
0.100166279,0.124282293
0.100204384,0.124333414
0.100242493,0.124384537
0.100280606,0.124435662
0.100318722,0.12448679
0.100356842,0.12453792
0.100394966,0.124589052
0.100433093,0.124640186
0.100471224,0.124691323
0.100509359,0.124742462
0.100547497,0.124793604
0.100585639,0.124844748
0.100623785,0.124895894
0.100661934,0.124947042
0.100700087,0.124998193
0.100738244,0.125049346
0.100776404,0.125100501
0.100814568,0.125151658
0.100852736,0.125202817
0.100890907,0.125253979
0.100929082,0.125305142
0.100967261,0.125356307
0.101005443,0.125407475
0.101043629,0.125458643
0.101081819,0.125509814
0.101120012,0.125560986
0.101158209,0.12561216
0.101196409,0.125663335
0.101234614,0.125714511
0.101272821,0.125765688
0.101311033,0.125816867
0.101349248,0.125868046
0.101387467,0.125919227
0.101425689,0.125970408
0.101463915,0.12602159
0.101502145,0.126072772
0.101540378,0.126123954
0.101578615,0.126175137
0.101616856,0.12622632
0.1016551,0.126277504
0.101693348,0.126328688
0.101731599,0.126379872
0.101769854,0.126431056
0.101808113,0.126482241
0.101846375,0.126533427
0.101884641,0.126584613
0.101922911,0.1266358
0.101961184,0.126686987
0.101999461,0.126738176
0.102037741,0.126789365
0.102076026,0.126840556
0.102114313,0.126891747
0.102152605,0.12694294
0.1021909,0.126994135
0.102229198,0.12704533
0.1022675,0.127096528
0.102305806,0.127147727
0.102344115,0.127198927
0.102382428,0.127250129
0.102420745,0.127301333
0.102459065,0.127352539
0.102497389,0.127403747
0.102535716,0.127454957
0.102574047,0.127506169
0.102612382,0.127557383
0.10265072,0.127608598
0.102689062,0.127659816
0.102727408,0.127711037
0.102765757,0.127762259
0.102804109,0.127813483
0.102842466,0.12786471
0.102880825,0.127915938
0.102919189,0.127967169
0.102957556,0.128018401
0.102995926,0.128069636
0.103034301,0.128120873
0.103072678,0.128172111
0.10311106,0.128223352
0.103149445,0.128274595
0.103187833,0.128325839
0.103226225,0.128377085
0.103264621,0.128428333
0.10330302,0.128479582
0.103341423,0.128530833
0.10337983,0.128582085
0.10341824,0.128633339
0.103456653,0.128684593
0.10349507,0.12873585
0.103533491,0.128787107
0.103571915,0.128838365
0.103610343,0.128889624
0.103648775,0.128940883
0.10368721,0.128992144
0.103725648,0.129043404
0.103764091,0.129094666
0.103802536,0.129145927
0.103840986,0.129197189
0.103879439,0.12924845
0.103917895,0.129299712
0.103956355,0.129350974
0.103994819,0.129402236
0.104033286,0.129453498
0.104071756,0.12950476
0.104110231,0.129556022
0.104148709,0.129607285
0.10418719,0.129658548
0.104225675,0.129709812
0.104264163,0.129761076
0.104302655,0.129812341
0.104341151,0.129863606
0.10437965,0.129914873
0.104418153,0.12996614
0.104456659,0.130017409
0.104495169,0.130068678
0.104533682,0.130119949
0.104572199,0.130171221
0.104610719,0.130222494
0.104649243,0.130273769
0.104687771,0.130325045
0.104726302,0.130376323
0.104764836,0.130427603
0.104803374,0.130478884
0.104841916,0.130530167
0.104880461,0.130581452
0.10491901,0.130632738
0.104957562,0.130684027
0.104996118,0.130735317
0.105034677,0.130786609
0.10507324,0.130837903
0.105111807,0.130889199
0.105150377,0.130940497
0.10518895,0.130991797
0.105227527,0.131043098
0.105266108,0.131094402
0.105304692,0.131145707
0.105343279,0.131197014
0.10538187,0.131248323
0.105420465,0.131299633
0.105459063,0.131350945
0.105497665,0.131402259
0.10553627,0.131453574
0.105574878,0.131504891
0.105613491,0.131556209
0.105652106,0.131607528
0.105690726,0.131658849
0.105729348,0.131710171
0.105767974,0.131761494
0.105806604,0.131812817
0.105845238,0.131864142
0.105883874,0.131915467
0.105922515,0.131966793
0.105961158,0.132018119
0.105999806,0.132069446
0.106038457,0.132120773
0.106077111,0.132172101
0.106115769,0.132223428
0.10615443,0.132274755
0.106193095,0.132326082
0.106231763,0.132377409
0.106270435,0.132428736
0.10630911,0.132480063
0.106347789,0.132531389
0.106386471,0.132582716
0.106425157,0.132634043
0.106463847,0.132685369
0.106502539,0.132736696
0.106541236,0.132788023
0.106579935,0.132839351
0.106618639,0.132890678
0.106657346,0.132942007
0.106696056,0.132993336
0.10673477,0.133044666
0.106773487,0.133095996
0.106812207,0.133147328
0.106850932,0.13319866
0.106889659,0.133249994
0.106928391,0.133301328
0.106967125,0.133352664
0.107005863,0.133404002
0.107044605,0.13345534
0.10708335,0.13350668
0.107122099,0.133558022
0.107160851,0.133609365
0.107199606,0.133660709
0.107238365,0.133712055
0.107277128,0.133763403
0.107315894,0.133814753
0.107354663,0.133866104
0.107393436,0.133917456
0.107432212,0.133968811
0.107470992,0.134020167
0.107509775,0.134071525
0.107548562,0.134122884
0.107587352,0.134174245
0.107626146,0.134225608
0.107664943,0.134276972
0.107703744,0.134328338
0.107742548,0.134379705
0.107781355,0.134431074
0.107820166,0.134482444
0.107858981,0.134533815
0.107897799,0.134585188
0.10793662,0.134636562
0.107975445,0.134687937
0.108014273,0.134739313
0.108053105,0.134790689
0.10809194,0.134842067
0.108130779,0.134893445
0.108169621,0.134944824
0.108208467,0.134996204
0.108247316,0.135047584
0.108286168,0.135098964
0.108325024,0.135150344
0.108363884,0.135201725
0.108402746,0.135253105
0.108441613,0.135304486
0.108480482,0.135355866
0.108519355,0.135407245
0.108558232,0.135458624
0.108597112,0.135510003
0.108635996,0.135561382
0.108674882,0.13561276
0.108713773,0.135664138
0.108752667,0.135715516
0.108791564,0.135766894
0.108830465,0.135818271
0.108869369,0.135869649
0.108908276,0.135921027
0.108947187,0.135972405
0.108986102,0.136023783
0.109025019,0.136075162
0.109063941,0.136126542
0.109102865,0.136177921
0.109141794,0.136229302
0.109180725,0.136280683
0.10921966,0.136332066
0.109258598,0.136383449
0.10929754,0.136434833
0.109336486,0.136486218
0.109375434,0.136537605
0.109414386,0.136588993
0.109453342,0.136640382
0.109492301,0.136691772
0.109531263,0.136743163
0.109570229,0.136794556
0.109609198,0.136845951
0.109648171,0.136897347
0.109687147,0.136948744
0.109726127,0.137000143
0.109765109,0.137051543
0.109804096,0.137102945
0.109843085,0.137154348
0.109882079,0.137205752
0.109921075,0.137257158
0.109960075,0.137308566
0.109999078,0.137359975
0.110038085,0.137411385
0.110077095,0.137462796
0.110116109,0.137514209
0.110155126,0.137565622
0.110194146,0.137617037
0.11023317,0.137668453
0.110272197,0.13771987
0.110311228,0.137771288
0.110350262,0.137822706
0.1103893,0.137874126
0.11042834,0.137925545
0.110467385,0.137976966
0.110506432,0.138028387
0.110545483,0.138079808
0.110584538,0.138131229
0.110623596,0.138182651
0.110662657,0.138234072
0.110701721,0.138285493
0.110740789,0.138336914
0.110779861,0.138388335
0.110818936,0.138439755
0.110858014,0.138491175
0.110897095,0.138542594
0.11093618,0.138594012
0.110975269,0.13864543
0.111014361,0.138696848
0.111053456,0.138748265
0.111092554,0.138799681
0.111131656,0.138851098
0.111170761,0.138902514
0.11120987,0.138953929
0.111248982,0.139005345
0.111288098,0.139056761
0.111327216,0.139108177
0.111366339,0.139159593
0.111405464,0.139211009
0.111444593,0.139262426
0.111483726,0.139313844
0.111522861,0.139365262
0.111562,0.13941668
0.111601143,0.139468099
0.111640289,0.139519519
0.111679438,0.13957094
0.111718591,0.139622362
0.111757747,0.139673785
0.111796906,0.139725209
0.111836069,0.139776635
0.111875235,0.139828061
0.111914404,0.139879488
0.111953577,0.139930917
0.111992753,0.139982347
0.112031933,0.140033778
0.112071116,0.140085211
0.112110302,0.140136644
0.112149492,0.140188079
0.112188685,0.140239515
0.112227882,0.140290953
0.112267081,0.140342392
0.112306284,0.140393831
0.112345491,0.140445272
0.112384701,0.140496715
0.112423914,0.140548158
0.112463131,0.140599602
0.112502351,0.140651047
0.112541574,0.140702493
0.112580801,0.14075394
0.112620031,0.140805388
0.112659264,0.140856836
0.112698501,0.140908285
0.112737741,0.140959735
0.112776984,0.141011185
0.112816231,0.141062635
0.112855481,0.141114085
0.112894735,0.141165536
0.112933991,0.141216987
0.112973252,0.141268437
0.113012515,0.141319887
0.113051782,0.141371337
0.113091052,0.141422787
0.113130326,0.141474236
0.113169603,0.141525684
0.113208883,0.141577131
0.113248167,0.141628578
0.113287454,0.141680024
0.113326744,0.141731469
0.113366038,0.141782914
0.113405335,0.141834357
0.113444635,0.141885801
0.113483939,0.141937243
0.113523246,0.141988686
0.113562556,0.142040128
0.11360187,0.142091569
0.113641187,0.142143011
0.113680507,0.142194452
0.113719831,0.142245893
0.113759158,0.142297335
0.113798488,0.142348777
0.113837822,0.142400219
0.113877159,0.142451661
0.113916499,0.142503104
0.113955843,0.142554547
0.11399519,0.142605991
0.114034541,0.142657436
0.114073894,0.142708881
0.114113251,0.142760327
0.114152612,0.142811775
0.114191975,0.142863223
0.114231342,0.142914672
0.114270713,0.142966122
0.114310086,0.143017573
0.114349463,0.143069025
0.114388844,0.143120478
0.114428227,0.143171932
0.114467614,0.143223387
0.114507004,0.143274843
0.114546398,0.143326301
0.114585795,0.143377759
0.114625195,0.143429218
0.114664599,0.143480679
0.114704006,0.14353214
0.114743416,0.143583603
0.114782829,0.143635066
0.114822246,0.14368653
0.114861666,0.143737994
0.11490109,0.14378946
0.114940516,0.143840926
0.114979947,0.143892393
0.11501938,0.14394386
0.115058817,0.143995327
0.115098257,0.144046795
0.1151377,0.144098263
0.115177147,0.144149732
0.115216597,0.1442012
0.11525605,0.144252668
0.115295506,0.144304136
0.115334966,0.144355604
0.115374429,0.144407071
0.115413896,0.144458538
0.115453366,0.144510004
0.115492839,0.14456147
0.115532315,0.144612934
0.115571795,0.144664398
0.115611278,0.14471586
0.115650764,0.144767322
0.115690254,0.144818783
0.115729747,0.144870242
0.115769243,0.144921701
0.115808742,0.144973159
0.115848245,0.145024617
0.115887751,0.145076074
0.115927261,0.14512753
0.115966773,0.145178986
0.116006289,0.145230441
0.116045809,0.145281896
0.116085331,0.145333351
0.116124857,0.145384806
0.116164386,0.145436261
0.116203919,0.145487716
0.116243454,0.145539171
0.116282993,0.145590627
0.116322536,0.145642082
0.116362081,0.145693539
0.11640163,0.145744995
0.116441182,0.145796453
0.116480738,0.145847911
0.116520297,0.145899369
0.116559859,0.145950828
0.116599424,0.146002288
0.116638993,0.146053749
0.116678565,0.146105211
0.11671814,0.146156674
0.116757718,0.146208137
0.1167973,0.146259601
0.116836885,0.146311067
0.116876474,0.146362533
0.116916065,0.146414
0.11695566,0.146465467
0.116995258,0.146516936
0.11703486,0.146568405
0.117074464,0.146619876
0.117114072,0.146671346
0.117153684,0.146722818
0.117193298,0.14677429
0.117232916,0.146825763
0.117272537,0.146877236
0.117312162,0.14692871
0.117351789,0.146980184
0.11739142,0.147031659
0.117431054,0.147083134
0.117470692,0.147134608
0.117510333,0.147186083
0.117549977,0.147237558
0.117589624,0.147289033
0.117629274,0.147340507
0.117668928,0.147391981
0.117708585,0.147443455
0.117748246,0.147494928
0.117787909,0.1475464
0.117827576,0.147597871
0.117867247,0.147649342
0.11790692,0.147700811
0.117946597,0.147752279
0.117986277,0.147803746
0.11802596,0.147855212
0.118065646,0.147906677
0.118105336,0.147958141
0.118145029,0.148009604
0.118184725,0.148061065
0.118224425,0.148112526
0.118264128,0.148163986
0.118303834,0.148215445
0.118343543,0.148266904
0.118383256,0.148318362
0.118422971,0.14836982
0.118462691,0.148421277
0.118502413,0.148472734
0.118542139,0.148524191
0.118581867,0.148575647
0.118621599,0.148627104
0.118661335,0.148678561
0.118701073,0.148730018
0.118740815,0.148781475
0.11878056,0.148832932
0.118820309,0.14888439
0.11886006,0.148935849
0.118899815,0.148987308
0.118939573,0.149038767
0.118979335,0.149090227
0.119019099,0.149141687
0.119058867,0.149193149
0.119098638,0.14924461
0.119138413,0.149296073
0.11917819,0.149347536
0.119217971,0.149399
0.119257755,0.149450465
0.119297543,0.14950193
0.119337333,0.149553396
0.119377127,0.149604863
0.119416924,0.14965633
0.119456725,0.149707798
0.119496528,0.149759266
0.119536335,0.149810735
0.119576145,0.149862205
0.119615958,0.149913674
0.119655775,0.149965144
0.119695595,0.150016615
0.119735418,0.150068085
0.119775244,0.150119556
0.119815073,0.150171027
0.119854906,0.150222497
0.119894742,0.150273968
0.119934581,0.150325438
0.119974424,0.150376908
0.120014269,0.150428378
0.120054118,0.150479847
0.12009397,0.150531315
0.120133826,0.150582782
0.120173684,0.150634249
0.120213546,0.150685715
0.120253411,0.150737179
0.120293279,0.150788642
0.120333151,0.150840104
0.120373026,0.150891565
0.120412904,0.150943024
0.120452785,0.150994482
0.120492669,0.151045939
0.120532557,0.151097394
0.120572448,0.151148848
0.120612342,0.151200302
0.120652239,0.151251754
0.12069214,0.151303205
0.120732044,0.151354656
0.120771951,0.151406105
0.120811861,0.151457554
0.120851774,0.151509003
0.120891691,0.151560451
0.120931611,0.151611899
0.120971534,0.151663346
0.12101146,0.151714794
0.12105139,0.151766241
0.121091323,0.151817688
0.121131259,0.151869135
0.121171198,0.151920583
0.12121114,0.15197203
0.121251086,0.152023478
0.121291035,0.152074926
0.121330987,0.152126375
0.121370942,0.152177824
0.121410901,0.152229273
0.121450863,0.152280723
0.121490828,0.152332173
0.121530796,0.152383624
0.121570767,0.152435075
0.121610742,0.152486527
0.12165072,0.15253798
0.121690701,0.152589433
0.121730685,0.152640886
0.121770672,0.15269234
0.121810663,0.152743794
0.121850657,0.152795249
0.121890654,0.152846704
0.121930654,0.152898159
0.121970658,0.152949615
0.122010664,0.153001071
0.122050674,0.153052527
0.122090687,0.153103983
0.122130704,0.153155439
0.122170723,0.153206895
0.122210746,0.153258351
0.122250772,0.153309807
0.122290801,0.153361263
0.122330833,0.153412718
0.122370869,0.153464172
0.122410908,0.153515626
0.12245095,0.153567079
0.122490995,0.153618532
0.122531043,0.153669983
0.122571095,0.153721433
0.122611149,0.153772882
0.122651207,0.15382433
0.122691268,0.153875776
0.122731333,0.153927221
0.1227714,0.153978665
0.122811471,0.154030107
0.122851545,0.154081547
0.122891622,0.154132986
0.122931702,0.154184423
0.122971786,0.15423586
0.123011873,0.154287295
0.123051963,0.154338728
0.123092056,0.154390161
0.123132152,0.154441593
0.123172251,0.154493024
0.123212354,0.154544454
0.12325246,0.154595883
0.123292569,0.154647311
0.123332681,0.15469874
0.123372797,0.154750167
0.123412915,0.154801595
0.123453037,0.154853022
0.123493162,0.154904449
0.12353329,0.154955875
0.123573422,0.155007302
0.123613556,0.155058729
0.123653694,0.155110156
0.123693835,0.155161583
0.123733979,0.15521301
0.123774127,0.155264437
0.123814277,0.155315865
0.123854431,0.155367293
0.123894588,0.155418721
0.123934748,0.15547015
0.123974911,0.155521579
0.124015077,0.155573008
0.124055247,0.155624438
0.12409542,0.155675868
0.124135596,0.155727298
0.124175775,0.155778728
0.124215957,0.155830159
0.124256143,0.15588159
0.124296332,0.155933022
0.124336523,0.155984453
0.124376718,0.156035885
0.124416917,0.156087316
0.124457118,0.156138748
0.124497323,0.15619018
0.12453753,0.156241611
0.124577741,0.156293042
0.124617955,0.156344473
0.124658173,0.156395903
0.124698393,0.156447333
0.124738617,0.156498763
0.124778844,0.156550191
0.124819074,0.156601619
0.124859307,0.156653046
0.124899543,0.156704472
0.124939783,0.156755897
0.124980025,0.156807321
0.125020271,0.156858743
0.12506052,0.156910164
0.125100772,0.156961583
0.125141028,0.157013001
0.125181286,0.157064416
0.125221548,0.157115831
0.125261813,0.157167243
0.125302081,0.157218654
0.125342352,0.157270063
0.125382626,0.157321471
0.125422904,0.157372878
0.125463184,0.157424283
0.125503468,0.157475687
0.125543755,0.157527089
0.125584045,0.157578491
0.125624339,0.157629892
0.125664635,0.157681291
0.125704935,0.15773269
0.125745238,0.157784088
0.125785544,0.157835486
0.125825853,0.157886883
0.125866165,0.15793828
0.12590648,0.157989676
0.125946799,0.158041072
0.125987121,0.158092468
0.126027446,0.158143864
0.126067774,0.158195259
0.126108105,0.158246655
0.12614844,0.158298051
0.126188777,0.158349446
0.126229118,0.158400842
0.126269462,0.158452238
0.126309809,0.158503634
0.126350159,0.15855503
0.126390512,0.158606427
0.126430869,0.158657823
0.126471228,0.15870922
0.126511591,0.158760617
0.126551957,0.158812014
0.126592326,0.158863411
0.126632699,0.158914808
0.126673074,0.158966206
0.126713453,0.159017603
0.126753834,0.159069001
0.126794219,0.159120398
0.126834607,0.159171795
0.126874998,0.159223192
0.126915393,0.159274589
0.12695579,0.159325986
0.126996191,0.159377382
0.127036594,0.159428777
0.127077001,0.159480173
0.127117411,0.159531567
0.127157825,0.159582961
0.127198241,0.159634353
0.12723866,0.159685745
0.127279083,0.159737136
0.127319509,0.159788526
0.127359938,0.159839914
0.12740037,0.159891301
0.127440805,0.159942686
0.127481243,0.15999407
0.127521685,0.160045452
0.127562129,0.160096832
0.127602577,0.160148211
0.127643028,0.160199587
0.127683482,0.160250962
0.127723939,0.160302335
0.1277644,0.160353706
0.127804863,0.160405076
0.12784533,0.160456444
0.1278858,0.16050781
0.127926272,0.160559175
0.127966748,0.160610539
0.128007228,0.160661901
0.12804771,0.160713263
0.128088195,0.160764623
0.128128684,0.160815982
0.128169176,0.160867341
0.12820967,0.160918698
0.128250168,0.160970055
0.128290669,0.161021412
0.128331174,0.161072767
0.128371681,0.161124123
0.128412192,0.161175478
0.128452705,0.161226833
0.128493222,0.161278187
0.128533742,0.161329542
0.128574265,0.161380896
0.128614791,0.16143225
0.12865532,0.161483604
0.128695853,0.161534958
0.128736388,0.161586312
0.128776927,0.161637666
0.128817469,0.16168902
0.128858014,0.161740374
0.128898562,0.161791728
0.128939113,0.161843082
0.128979667,0.161894436
0.129020224,0.16194579
0.129060785,0.161997144
0.129101349,0.162048498
0.129141915,0.162099852
0.129182485,0.162151205
0.129223058,0.162202559
0.129263635,0.162253912
0.129304214,0.162305265
0.129344796,0.162356617
0.129385382,0.162407969
0.12942597,0.16245932
0.129466562,0.162510671
0.129507157,0.162562021
0.129547755,0.16261337
0.129588356,0.162664718
0.129628961,0.162716066
0.129669568,0.162767412
0.129710178,0.162818757
0.129750792,0.1628701
0.129791409,0.162921442
0.129832029,0.162972783
0.129872652,0.163024122
0.129913278,0.163075459
0.129953907,0.163126794
0.129994539,0.163178127
0.130035175,0.163229458
0.130075813,0.163280787
0.130116455,0.163332115
0.130157099,0.16338344
0.130197747,0.163434763
0.130238398,0.163486085
0.130279052,0.163537405
0.13031971,0.163588723
0.13036037,0.16364004
0.130401033,0.163691355
0.1304417,0.163742668
0.13048237,0.163793981
0.130523042,0.163845292
0.130563718,0.163896602
0.130604397,0.163947911
0.130645079,0.163999219
0.130685764,0.164050526
0.130726453,0.164101833
0.130767144,0.164153139
0.130807839,0.164204444
0.130848536,0.164255749
0.130889237,0.164307053
0.130929941,0.164358357
0.130970648,0.164409661
0.131011358,0.164460964
0.131052071,0.164512267
0.131092787,0.16456357
0.131133506,0.164614872
0.131174229,0.164666175
0.131214954,0.164717477
0.131255683,0.164768779
0.131296415,0.164820081
0.13133715,0.164871383
0.131377888,0.164922685
0.131418629,0.164973986
0.131459373,0.165025288
0.13150012,0.165076589
0.13154087,0.16512789
0.131581624,0.16517919
0.13162238,0.165230491
0.13166314,0.165281791
0.131703903,0.16533309
0.131744669,0.165384389
0.131785438,0.165435687
0.13182621,0.165486985
0.131866985,0.165538282
0.131907763,0.165589579
0.131948544,0.165640874
0.131989329,0.165692169
0.132030116,0.165743462
0.132070907,0.165794754
0.132111701,0.165846045
0.132152497,0.165897335
0.132193297,0.165948623
0.1322341,0.16599991
0.132274906,0.166051194
0.132315715,0.166102477
0.132356528,0.166153758
0.132397343,0.166205037
0.132438161,0.166256314
0.132478983,0.166307589
0.132519807,0.166358861
0.132560635,0.166410132
0.132601466,0.1664614
0.1326423,0.166512666
0.132683137,0.166563931
0.132723977,0.166615193
0.13276482,0.166666454
0.132805666,0.166717712
0.132846515,0.16676897
0.132887368,0.166820225
0.132928223,0.166871479
0.132969082,0.166922732
0.133009943,0.166973984
0.133050808,0.167025234
0.133091676,0.167076484
0.133132547,0.167127732
0.13317342,0.167178979
0.133214297,0.167230226
0.133255178,0.167281472
0.133296061,0.167332717
0.133336947,0.167383962
0.133377836,0.167435206
0.133418729,0.167486449
0.133459624,0.167537692
0.133500523,0.167588935
0.133541425,0.167640177
0.133582329,0.167691419
0.133623237,0.167742661
0.133664148,0.167793902
0.133705062,0.167845143
0.133745979,0.167896384
0.133786899,0.167947624
0.133827822,0.167998865
0.133868749,0.168050105
0.133909678,0.168101344
0.13395061,0.168152583
0.133991546,0.168203822
0.134032484,0.16825506
0.134073426,0.168306298
0.134114371,0.168357536
0.134155318,0.168408772
0.134196269,0.168460009
0.134237223,0.168511244
0.13427818,0.168562479
0.13431914,0.168613712
0.134360103,0.168664945
0.13440107,0.168716177
0.134442039,0.168767408
0.134483011,0.168818637
0.134523986,0.168869865
0.134564965,0.168921092
0.134605946,0.168972318
0.134646931,0.169023541
0.134687919,0.169074763
0.134728909,0.169125983
0.134769903,0.169177201
0.1348109,0.169228417
0.1348519,0.16927963
0.134892903,0.169330842
0.134933909,0.169382051
0.134974918,0.169433258
0.13501593,0.169484462
0.135056945,0.169535665
0.135097964,0.169586865
0.135138985,0.169638063
0.13518001,0.169689259
0.135221037,0.169740453
0.135262068,0.169791645
0.135303101,0.169842835
0.135344138,0.169894024
0.135385177,0.169945211
0.13542622,0.169996396
0.135467266,0.17004758
0.135508315,0.170098763
0.135549367,0.170149945
0.135590422,0.170201125
0.13563148,0.170252305
0.135672541,0.170303483
0.135713605,0.17035466
0.135754672,0.170405837
0.135795743,0.170457013
0.135836816,0.170508188
0.135877892,0.170559363
0.135918972,0.170610537
0.135960054,0.17066171
0.13600114,0.170712883
0.136042228,0.170764056
0.13608332,0.170815228
0.136124415,0.170866399
0.136165512,0.17091757
0.136206613,0.170968741
0.136247717,0.171019911
0.136288824,0.171071081
0.136329934,0.17112225
0.136371047,0.171173419
0.136412163,0.171224588
0.136453282,0.171275755
0.136494404,0.171326923
0.136535529,0.171378089
0.136576657,0.171429255
0.136617788,0.17148042
0.136658923,0.171531585
0.13670006,0.171582748
0.1367412,0.171633911
0.136782344,0.171685073
0.13682349,0.171736233
0.13686464,0.171787393
0.136905792,0.171838551
0.136946948,0.171889708
0.136988107,0.171940863
0.137029268,0.171992017
0.137070433,0.172043169
0.137111601,0.172094319
0.137152771,0.172145468
0.137193945,0.172196614
0.137235122,0.172247758
0.137276302,0.1722989
0.137317485,0.17235004
0.137358671,0.172401177
0.13739986,0.172452312
0.137441052,0.172503444
0.137482247,0.172554574
0.137523445,0.172605702
0.137564646,0.172656827
0.137605851,0.17270795
0.137647058,0.172759071
0.137688268,0.17281019
0.137729481,0.172861306
0.137770698,0.172912421
0.137811917,0.172963534
0.137853139,0.173014645
0.137894365,0.173065755
0.137935593,0.173116863
0.137976825,0.173167969
0.138018059,0.173219074
0.138059297,0.173270178
0.138100537,0.173321281
0.138141781,0.173372382
0.138183027,0.173423483
0.138224277,0.173474582
0.13826553,0.173525681
0.138306785,0.173576779
0.138348044,0.173627876
0.138389306,0.173678972
0.138430571,0.173730068
0.138471839,0.173781163
0.138513109,0.173832257
0.138554383,0.173883351
0.13859566,0.173934444
0.13863694,0.173985536
0.138678223,0.174036628
0.138719509,0.17408772
0.138760798,0.174138811
0.13880209,0.174189901
0.138843385,0.17424099
0.138884683,0.174292079
0.138925984,0.174343168
0.138967288,0.174394255
0.139008595,0.174445342
0.139049905,0.174496428
0.139091218,0.174547513
0.139132534,0.174598597
0.139173853,0.174649681
0.139215176,0.174700763
0.139256501,0.174751844
0.139297829,0.174802924
0.13933916,0.174854002
0.139380494,0.174905079
0.139421832,0.174956155
0.139463172,0.175007229
0.139504515,0.175058301
0.139545861,0.175109371
0.139587211,0.17516044
0.139628563,0.175211507
0.139669918,0.175262571
0.139711277,0.175313633
0.139752638,0.175364693
0.139794002,0.17541575
0.13983537,0.175466805
0.13987674,0.175517857
0.139918113,0.175568906
0.13995949,0.175619953
0.140000869,0.175670998
0.140042251,0.17572204
0.140083637,0.175773079
0.140125025,0.175824116
0.140166417,0.175875151
0.140207811,0.175926184
0.140249208,0.175977215
0.140290609,0.176028244
0.140332012,0.176079271
0.140373419,0.176130296
0.140414828,0.176181319
0.140456241,0.176232341
0.140497656,0.176283361
0.140539074,0.17633438
0.140580496,0.176385398
0.14062192,0.176436414
0.140663348,0.176487429
0.140704778,0.176538444
0.140746212,0.176589457
0.140787648,0.176640469
0.140829087,0.17669148
0.14087053,0.17674249
0.140911975,0.1767935
0.140953424,0.176844508
0.140994875,0.176895516
0.141036329,0.176946523
0.141077787,0.17699753
0.141119247,0.177048535
0.141160711,0.17709954
0.141202177,0.177150545
0.141243646,0.177201548
0.141285119,0.177252551
0.141326594,0.177303553
0.141368072,0.177354554
0.141409554,0.177405555
0.141451038,0.177456554
0.141492525,0.177507553
0.141534016,0.177558551
0.141575509,0.177609548
0.141617005,0.177660544
0.141658504,0.177711538
0.141700007,0.177762532
0.141741512,0.177813524
0.14178302,0.177864515
0.141824531,0.177915504
0.141866046,0.177966492
0.141907563,0.178017478
0.141949083,0.178068462
0.141990606,0.178119445
0.142032132,0.178170426
0.142073661,0.178221404
0.142115193,0.178272381
0.142156728,0.178323355
0.142198267,0.178374327
0.142239808,0.178425296
0.142281352,0.178476262
0.142322899,0.178527226
0.142364449,0.178578187
0.142406001,0.178629146
0.142447557,0.178680102
0.142489116,0.178731055
0.142530678,0.178782005
0.142572243,0.178832954
0.142613811,0.178883899
0.142655382,0.178934842
0.142696956,0.178985783
0.142738532,0.179036722
0.142780112,0.179087658
0.142821695,0.179138593
0.14286328,0.179189526
0.142904869,0.179240456
0.142946461,0.179291385
0.142988055,0.179342313
0.143029653,0.179393239
0.143071253,0.179444163
0.143112857,0.179495086
0.143154463,0.179546008
0.143196073,0.179596929
0.143237685,0.179647848
0.143279301,0.179698766
0.143320919,0.179749684
0.14336254,0.1798006
0.143404165,0.179851515
0.143445792,0.179902429
0.143487422,0.179953343
0.143529055,0.180004255
0.143570691,0.180055167
0.14361233,0.180106078
0.143653972,0.180156988
0.143695617,0.180207897
0.143737265,0.180258805
0.143778916,0.180309713
0.14382057,0.180360619
0.143862227,0.180411525
0.143903887,0.18046243
0.14394555,0.180513333
0.143987215,0.180564236
0.144028884,0.180615138
0.144070556,0.180666038
0.14411223,0.180716938
0.144153908,0.180767836
0.144195589,0.180818732
0.144237272,0.180869628
0.144278958,0.180920522
0.144320648,0.180971414
0.14436234,0.181022304
0.144404035,0.181073193
0.144445734,0.18112408
0.144487435,0.181174965
0.144529139,0.181225848
0.144570846,0.181276729
0.144612556,0.181327607
0.144654269,0.181378483
0.144695985,0.181429357
0.144737704,0.181480228
0.144779426,0.181531096
0.144821151,0.181581961
0.144862878,0.181632824
0.144904609,0.181683683
0.144946343,0.18173454
0.144988079,0.181785394
0.145029819,0.181836245
0.145071561,0.181887094
0.145113307,0.18193794
0.145155055,0.181988783
0.145196806,0.182039625
0.14523856,0.182090463
0.145280318,0.1821413
0.145322078,0.182192134
0.145363841,0.182242967
0.145405607,0.182293797
0.145447376,0.182344625
0.145489148,0.182395452
0.145530922,0.182446277
0.1455727,0.182497101
0.145614481,0.182547923
0.145656264,0.182598743
0.145698051,0.182649563
0.14573984,0.182700381
0.145781633,0.182751197
0.145823428,0.182802013
0.145865226,0.182852827
0.145907028,0.18290364
0.145948832,0.182954453
0.145990639,0.183005264
0.146032449,0.183056074
0.146074262,0.183106883
0.146116078,0.183157692
0.146157896,0.183208499
0.146199718,0.183259305
0.146241543,0.18331011
0.14628337,0.183360915
0.146325201,0.183411718
0.146367034,0.18346252
0.146408871,0.183513322
0.14645071,0.183564122
0.146492552,0.183614921
0.146534397,0.183665719
0.146576245,0.183716515
0.146618096,0.18376731
0.14665995,0.183818104
0.146701807,0.183868896
0.146743667,0.183919687
0.146785529,0.183970477
0.146827395,0.184021264
0.146869263,0.18407205
0.146911135,0.184122834
0.146953009,0.184173616
0.146994886,0.184224395
0.147036766,0.184275173
0.14707865,0.184325948
0.147120536,0.184376721
0.147162424,0.184427491
0.147204316,0.184478259
0.147246211,0.184529024
0.147288109,0.184579786
0.147330009,0.184630545
0.147371913,0.184681301
0.147413819,0.184732054
0.147455728,0.184782804
0.14749764,0.184833551
0.147539555,0.184884296
0.147581473,0.184935038
0.147623394,0.184985776
0.147665318,0.185036513
0.147707245,0.185087247
0.147749175,0.185137978
0.147791107,0.185188707
0.147833043,0.185239433
0.147874981,0.185290158
0.147916922,0.18534088
0.147958866,0.185391601
0.148000813,0.185442319
0.148042763,0.185493036
0.148084716,0.185543751
0.148126672,0.185594464
0.14816863,0.185645176
0.148210592,0.185695887
0.148252556,0.185746596
0.148294524,0.185797303
0.148336494,0.18584801
0.148378467,0.185898715
0.148420443,0.185949418
0.148462422,0.186000121
0.148504404,0.186050823
0.148546389,0.186101523
0.148588376,0.186152222
0.148630367,0.18620292
0.14867236,0.186253618
0.148714356,0.186304314
0.148756355,0.186355008
0.148798358,0.186405702
0.148840362,0.186456395
0.14888237,0.186507086
0.148924381,0.186557777
0.148966395,0.186608466
0.149008411,0.186659154
0.14905043,0.18670984
0.149092453,0.186760525
0.149134478,0.186811209
0.149176506,0.186861891
0.149218537,0.186912572
0.149260571,0.186963251
0.149302607,0.187013928
0.149344647,0.187064603
0.149386689,0.187115277
0.149428734,0.187165948
0.149470783,0.187216618
0.149512834,0.187267285
0.149554888,0.18731795
0.149596944,0.187368612
0.149639004,0.187419272
0.149681067,0.187469929
0.149723132,0.187520584
0.1497652,0.187571235
0.149807272,0.187621884
0.149849346,0.187672529
0.149891423,0.187723171
0.149933502,0.187773811
0.149975585,0.187824447
0.150017671,0.18787508
0.150059759,0.18792571
0.15010185,0.187976338
0.150143944,0.188026962
0.150186042,0.188077584
0.150228141,0.188128203
0.150270244,0.18817882
0.15031235,0.188229434
0.150354458,0.188280045
0.15039657,0.188330655
0.150438684,0.188381262
0.150480801,0.188431867
0.150522921,0.18848247
0.150565043,0.188533071
0.150607169,0.18858367
0.150649298,0.188634268
0.150691429,0.188684864
0.150733563,0.188735458
0.1507757,0.188786051
0.15081784,0.188836642
0.150859983,0.188887232
0.150902129,0.18893782
0.150944277,0.188988408
0.150986428,0.189038993
0.151028583,0.189089578
0.15107074,0.189140161
0.1511129,0.189190744
0.151155062,0.189241324
0.151197228,0.189291904
0.151239396,0.189342483
0.151281568,0.18939306
0.151323742,0.189443636
0.151365919,0.189494211
0.151408099,0.189544784
0.151450281,0.189595357
0.151492467,0.189645927
0.151534655,0.189696497
0.151576846,0.189747065
0.15161904,0.189797632
0.151661237,0.189848197
0.151703437,0.18989876
0.15174564,0.189949322
0.151787845,0.189999882
0.151830053,0.19005044
0.151872264,0.190100996
0.151914478,0.19015155
0.151956695,0.190202102
0.151998915,0.190252652
0.152041137,0.190303199
0.152083362,0.190353744
0.15212559,0.190404286
0.152167821,0.190454826
0.152210055,0.190505363
0.152252292,0.190555897
0.152294531,0.190606428
0.152336773,0.190656956
0.152379018,0.190707481
0.152421266,0.190758003
0.152463517,0.190808521
0.15250577,0.190859036
0.152548027,0.190909549
0.152590286,0.190960058
0.152632548,0.191010563
0.152674813,0.191061067
0.152717081,0.191111567
0.152759351,0.191162064
0.152801624,0.191212559
0.1528439,0.191263051
0.152886179,0.19131354
0.152928461,0.191364028
0.152970746,0.191414512
0.153013033,0.191464995
0.153055323,0.191515476
0.153097616,0.191565954
0.153139912,0.191616431
0.153182211,0.191666906
0.153224512,0.191717378
0.153266817,0.19176785
0.153309124,0.191818319
0.153351434,0.191868787
0.153393746,0.191919254
0.153436062,0.191969718
0.15347838,0.192020182
0.153520701,0.192070644
0.153563025,0.192121105
0.153605352,0.192171564
0.153647682,0.192222022
0.153690014,0.192272479
0.153732349,0.192322934
0.153774687,0.192373388
0.153817028,0.192423841
0.153859371,0.192474292
0.153901718,0.192524742
0.153944067,0.192575191
0.153986419,0.192625638
0.154028774,0.192676084
0.154071131,0.192726528
0.154113492,0.192776971
0.154155855,0.192827412
0.154198221,0.192877851
0.154240589,0.192928289
0.154282961,0.192978725
0.154325335,0.193029159
0.154367712,0.193079591
0.154410092,0.193130021
0.154452475,0.193180449
0.15449486,0.193230874
0.154537249,0.193281298
0.15457964,0.193331718
0.154622033,0.193382137
0.15466443,0.193432552
0.154706829,0.193482965
0.154749232,0.193533375
0.154791637,0.193583782
0.154834044,0.193634186
0.154876455,0.193684587
0.154918868,0.193734984
0.154961284,0.193785378
0.155003703,0.193835769
0.155046125,0.193886156
0.155088549,0.19393654
0.155130976,0.193986921
0.155173406,0.194037299
0.155215839,0.194087674
0.155258274,0.194138045
0.155300713,0.194188414
0.155343154,0.19423878
0.155385598,0.194289144
0.155428044,0.194339504
0.155470494,0.194389863
0.155512946,0.194440218
0.155555401,0.194490572
0.155597858,0.194540923
0.155640319,0.194591272
0.155682782,0.194641619
0.155725248,0.194691965
0.155767716,0.194742308
0.155810188,0.194792649
0.155852662,0.194842989
0.155895139,0.194893327
0.155937619,0.194943663
0.155980101,0.194993998
0.156022587,0.195044331
0.156065075,0.195094662
0.156107565,0.195144992
0.156150059,0.195195321
0.156192555,0.195245648
0.156235054,0.195295974
0.156277556,0.195346298
0.15632006,0.195396621
0.156362568,0.195446943
0.156405078,0.195497263
0.15644759,0.195547581
0.156490106,0.195597898
0.156532624,0.195648214
0.156575145,0.195698528
0.156617669,0.19574884
0.156660195,0.195799151
0.156702725,0.19584946
0.156745257,0.195899767
0.156787791,0.195950072
0.156830329,0.196000376
0.156872869,0.196050677
0.156915412,0.196100976
0.156957957,0.196151274
0.157000506,0.196201568
0.157043057,0.196251861
0.157085611,0.196302151
0.157128167,0.196352439
0.157170727,0.196402724
0.157213289,0.196453006
0.157255854,0.196503285
0.157298421,0.196553562
0.157340991,0.196603835
0.157383564,0.196654105
0.15742614,0.196704371
0.157468718,0.196754635
0.157511299,0.196804894
0.157553883,0.196855151
0.15759647,0.196905404
0.157639059,0.196955653
0.157681651,0.1970059
0.157724246,0.197056143
0.157766843,0.197106383
0.157809443,0.197156619
0.157852046,0.197206853
0.157894652,0.197257084
0.15793726,0.197307312
0.157979871,0.197357538
0.158022485,0.19740776
0.158065101,0.197457981
0.158107721,0.197508199
0.158150342,0.197558414
0.158192967,0.197608627
0.158235594,0.197658838
0.158278224,0.197709047
0.158320857,0.197759254
0.158363492,0.197809459
0.15840613,0.197859662
0.158448771,0.197909864
0.158491415,0.197960063
0.158534061,0.198010261
0.15857671,0.198060458
0.158619361,0.198110652
0.158662016,0.198160845
0.158704673,0.198211037
0.158747332,0.198261227
0.158789995,0.198311415
0.15883266,0.198361602
0.158875328,0.198411787
0.158917998,0.198461971
0.158960671,0.198512153
0.159003347,0.198562334
0.159046026,0.198612513
0.159088707,0.19866269
0.159131391,0.198712866
0.159174077,0.19876304
0.159216766,0.198813212
0.159259458,0.198863382
0.159302153,0.198913551
0.15934485,0.198963717
0.15938755,0.199013882
0.159430253,0.199064044
0.159472958,0.199114205
0.159515666,0.199164363
0.159558377,0.199214518
0.15960109,0.199264672
0.159643806,0.199314822
0.159686525,0.19936497
0.159729246,0.199415115
0.15977197,0.199465258
0.159814697,0.199515397
0.159857426,0.199565534
0.159900158,0.199615667
0.159942893,0.199665796
0.159985631,0.199715923
0.160028371,0.199766045
0.160071113,0.199816165
0.160113859,0.19986628
0.160156607,0.199916393
0.160199357,0.199966501
0.160242111,0.200016607
0.160284867,0.200066709
0.160327625,0.200116808
0.160370387,0.200166903
0.16041315,0.200216996
0.160455917,0.200267085
0.160498686,0.200317172
0.160541458,0.200367255
0.160584233,0.200417336
0.16062701,0.200467415
0.16066979,0.20051749
0.160712572,0.200567564
0.160755357,0.200617635
0.160798145,0.200667704
0.160840936,0.20071777
0.160883729,0.200767835
0.160926524,0.200817897
0.160969323,0.200867958
0.161012124,0.200918016
0.161054927,0.200968073
0.161097734,0.201018128
0.161140543,0.201068181
0.161183354,0.201118232
0.161226168,0.201168282
0.161268985,0.20121833
0.161311804,0.201268376
0.161354626,0.201318421
0.161397451,0.201368464
0.161440278,0.201418506
0.161483108,0.201468546
0.161525941,0.201518584
0.161568776,0.20156862
0.161611614,0.201618655
0.161654454,0.201668688
0.161697297,0.201718719
0.161740143,0.201768749
0.161782991,0.201818776
0.161825842,0.201868802
0.161868695,0.201918826
0.161911552,0.201968847
0.16195441,0.202018867
0.161997272,0.202068884
0.162040136,0.202118899
0.162083002,0.202168912
0.162125871,0.202218922
0.162168743,0.20226893
0.162211617,0.202318935
0.162254494,0.202368937
0.162297374,0.202418936
0.162340256,0.202468933
0.162383141,0.202518926
0.162426028,0.202568916
0.162468918,0.202618903
0.162511811,0.202668886
0.162554706,0.202718866
0.162597604,0.202768842
0.162640504,0.202818815
0.162683407,0.202868784
0.162726313,0.202918749
0.162769221,0.202968711
0.162812132,0.20301867
0.162855045,0.203068624
0.162897961,0.203118576
0.162940879,0.203168524
0.1629838,0.203218469
0.163026724,0.203268411
0.16306965,0.20331835
0.163112579,0.203368286
0.16315551,0.203418219
0.163198444,0.203468149
0.163241381,0.203518077
0.16328432,0.203568002
0.163327262,0.203617925
0.163370206,0.203667846
0.163413153,0.203717764
0.163456102,0.20376768
0.163499054,0.203817593
0.163542009,0.203867505
0.163584966,0.203917415
0.163627925,0.203967323
0.163670888,0.204017229
0.163713852,0.204067133
0.16375682,0.204117035
0.16379979,0.204166935
0.163842762,0.204216834
0.163885737,0.204266731
0.163928715,0.204316626
0.163971695,0.204366519
0.164014678,0.204416411
0.164057663,0.204466301
0.164100651,0.204516189
0.164143641,0.204566075
0.164186634,0.20461596
0.16422963,0.204665842
0.164272628,0.204715723
0.164315628,0.204765602
0.164358631,0.204815479
0.164401637,0.204865354
0.164444645,0.204915227
0.164487656,0.204965098
0.164530669,0.205014966
0.164573685,0.205064833
0.164616703,0.205114696
0.164659724,0.205164558
0.164702747,0.205214417
0.164745773,0.205264273
0.164788802,0.205314126
0.164831833,0.205363977
0.164874866,0.205413824
0.164917902,0.205463669
0.164960941,0.20551351
0.165003982,0.205563348
0.165047025,0.205613183
0.165090072,0.205663014
0.16513312,0.205712842
0.165176171,0.205762665
0.165219225,0.205812486
0.165262281,0.205862302
0.16530534,0.205912115
0.165348401,0.205961924
0.165391465,0.206011729
0.165434531,0.206061531
0.1654776,0.206111329
0.165520671,0.206161124
0.165563745,0.206210916
0.165606821,0.206260704
0.1656499,0.20631049
0.165692981,0.206360272
0.165736065,0.206410052
0.165779152,0.206459828
0.16582224,0.206509602
0.165865332,0.206559373
0.165908425,0.206609142
0.165951522,0.206658908
0.16599462,0.206708672
0.166037722,0.206758434
0.166080825,0.206808193
0.166123932,0.20685795
0.16616704,0.206907705
0.166210152,0.206957458
0.166253265,0.207007209
0.166296381,0.207056959
0.1663395,0.207106706
0.166382621,0.207156451
0.166425745,0.207206194
0.166468871,0.207255936
0.166512,0.207305676
0.166555131,0.207355414
0.166598264,0.20740515
0.1666414,0.207454884
0.166684539,0.207504616
0.16672768,0.207554347
0.166770823,0.207604075
0.166813969,0.207653802
0.166857117,0.207703527
0.166900268,0.207753249
0.166943421,0.20780297
0.166986577,0.207852689
0.167029735,0.207902405
0.167072896,0.207952119
0.167116059,0.208001831
0.167159224,0.20805154
0.167202392,0.208101247
0.167245563,0.208150951
0.167288736,0.208200653
0.167331911,0.208250352
0.167375089,0.208300048
0.167418269,0.208349742
0.167461452,0.208399432
0.167504637,0.208449119
0.167547825,0.208498802
0.167591015,0.208548483
0.167634207,0.20859816
0.167677402,0.208647833
0.167720599,0.208697502
0.167763799,0.208747168
0.167807001,0.20879683
0.167850206,0.208846488
0.167893413,0.208896142
0.167936622,0.208945793
0.167979834,0.208995439
0.168023049,0.209045083
0.168066265,0.209094722
0.168109485,0.209144358
0.168152706,0.209193991
0.16819593,0.209243621
0.168239157,0.209293247
0.168282386,0.20934287
0.168325617,0.20939249
0.168368851,0.209442107
0.168412087,0.209491722
0.168455325,0.209541333
0.168498566,0.209590943
0.168541809,0.209640549
0.168585055,0.209690153
0.168628303,0.209739755
0.168671554,0.209789354
0.168714807,0.209838951
0.168758062,0.209888546
0.16880132,0.209938139
0.16884458,0.209987729
0.168887843,0.210037318
0.168931107,0.210086904
0.168974375,0.210136489
0.169017645,0.210186071
0.169060917,0.210235652
0.169104191,0.210285231
0.169147468,0.210334808
0.169190747,0.210384383
0.169234029,0.210433956
0.169277313,0.210483527
0.169320599,0.210533096
0.169363888,0.210582663
0.169407179,0.210632228
0.169450473,0.210681791
0.169493769,0.210731352
0.169537067,0.210780911
0.169580368,0.210830467
0.169623671,0.210880022
0.169666976,0.210929573
0.169710284,0.210979123
0.169753594,0.21102867
0.169796906,0.211078215
0.169840221,0.211127757
0.169883538,0.211177296
0.169926858,0.211226832
0.16997018,0.211276365
0.170013504,0.211325896
0.170056831,0.211375423
0.17010016,0.211424947
0.170143491,0.211474468
0.170186825,0.211523985
0.170230161,0.211573498
0.170273499,0.211623008
0.17031684,0.211672514
0.170360183,0.211722016
0.170403528,0.211771514
0.170446876,0.211821009
0.170490226,0.211870499
0.170533578,0.211919986
0.170576933,0.211969468
0.17062029,0.212018948
0.170663649,0.212068423
0.170707011,0.212117895
0.170750375,0.212167363
0.170793741,0.212216828
0.17083711,0.21226629
0.170880481,0.212315748
0.170923854,0.212365204
0.17096723,0.212414656
0.171010608,0.212464106
0.171053988,0.212513552
0.171097371,0.212562996
0.171140756,0.212612438
0.171184143,0.212661876
0.171227533,0.212711313
0.171270924,0.212760747
0.171314319,0.212810178
0.171357715,0.212859607
0.171401114,0.212909034
0.171444515,0.212958459
0.171487918,0.213007882
0.171531324,0.213057302
0.171574732,0.213106721
0.171618142,0.213156137
0.171661554,0.213205552
0.171704969,0.213254964
0.171748386,0.213304375
0.171791806,0.213353783
0.171835227,0.21340319
0.171878651,0.213452594
0.171922077,0.213501996
0.171965506,0.213551397
0.172008937,0.213600795
0.17205237,0.213650191
0.172095805,0.213699585
0.172139243,0.213748976
0.172182682,0.213798366
0.172226125,0.213847752
0.172269569,0.213897137
0.172313016,0.213946519
0.172356465,0.213995899
0.172399916,0.214045275
0.172443369,0.214094649
0.172486825,0.214144021
0.172530283,0.214193389
0.172573743,0.214242754
0.172617206,0.214292117
0.17266067,0.214341476
0.172704137,0.214390831
0.172747607,0.214440184
0.172791078,0.214489532
0.172834552,0.214538877
0.172878028,0.214588218
0.172921506,0.214637556
0.172964986,0.214686889
0.173008469,0.214736218
0.173051954,0.214785543
0.173095441,0.214834865
0.17313893,0.214884182
0.173182422,0.214933496
0.173225916,0.214982806
0.173269412,0.215032112
0.17331291,0.215081414
0.173356411,0.215130713
0.173399913,0.215180008
0.173443418,0.2152293
0.173486926,0.215278589
0.173530435,0.215327874
0.173573946,0.215377156
0.17361746,0.215426436
0.173660976,0.215475712
0.173704495,0.215524986
0.173748015,0.215574257
0.173791538,0.215623525
0.173835062,0.215672791
0.173878589,0.215722054
0.173922119,0.215771315
0.17396565,0.215820574
0.174009184,0.21586983
0.17405272,0.215919084
0.174096258,0.215968335
0.174139798,0.216017585
0.17418334,0.216066832
0.174226885,0.216116077
0.174270431,0.21616532
0.17431398,0.216214561
0.174357531,0.2162638
0.174401085,0.216313037
0.17444464,0.216362272
0.174488198,0.216411504
0.174531758,0.216460735
0.17457532,0.216509963
0.174618884,0.216559189
0.17466245,0.216608413
0.174706019,0.216657635
0.174749589,0.216706854
0.174793162,0.216756071
0.174836737,0.216805286
0.174880314,0.216854498
0.174923893,0.216903707
0.174967475,0.216952914
0.175011058,0.217002118
0.175054644,0.217051319
0.175098232,0.217100517
0.175141822,0.217149713
0.175185414,0.217198905
0.175229009,0.217248094
0.175272605,0.21729728
0.175316204,0.217346462
0.175359804,0.217395641
0.175403407,0.217444816
0.175447012,0.217493987
0.175490619,0.217543155
0.175534229,0.217592318
0.17557784,0.217641477
0.175621453,0.217690633
0.175665069,0.217739784
0.175708687,0.217788931
0.175752307,0.217838075
0.175795929,0.217887214
0.175839553,0.217936349
0.175883179,0.217985481
0.175926807,0.218034609
0.175970438,0.218083733
0.17601407,0.218132853
0.176057705,0.218181971
0.176101342,0.218231084
0.17614498,0.218280195
0.176188621,0.218329302
0.176232264,0.218378407
0.17627591,0.218427508
0.176319557,0.218476606
0.176363206,0.218525702
0.176406857,0.218574795
0.176450511,0.218623885
0.176494167,0.218672973
0.176537824,0.218722058
0.176581484,0.218771141
0.176625146,0.218820221
0.17666881,0.218869299
0.176712476,0.218918375
0.176756144,0.218967448
0.176799814,0.219016519
0.176843486,0.219065588
0.17688716,0.219114655
0.176930836,0.21916372
0.176974515,0.219212782
0.177018195,0.219261842
0.177061878,0.2193109
0.177105562,0.219359956
0.177149249,0.21940901
0.177192937,0.219458061
0.177236628,0.21950711
0.177280321,0.219556157
0.177324016,0.219605202
0.177367712,0.219654244
0.177411411,0.219703284
0.177455112,0.219752321
0.177498815,0.219801355
0.17754252,0.219850387
0.177586227,0.219899416
0.177629936,0.219948443
0.177673647,0.219997466
0.17771736,0.220046487
0.177761075,0.220095504
0.177804793,0.220144518
0.177848512,0.220193529
0.177892233,0.220242537
0.177935956,0.220291541
0.177979681,0.220340541
0.178023409,0.220389538
0.178067138,0.220438531
0.178110869,0.22048752
0.178154602,0.220536505
0.178198338,0.220585485
0.178242075,0.220634462
0.178285814,0.220683434
0.178329555,0.220732402
0.178373298,0.220781367
0.178417044,0.220830327
0.178460791,0.220879283
0.17850454,0.220928235
0.178548291,0.220977184
0.178592045,0.221026129
0.1786358,0.22107507
0.178679557,0.221124007
0.178723316,0.221172941
0.178767077,0.221221872
0.17881084,0.2212708
0.178854605,0.221319724
0.178898372,0.221368646
0.178942141,0.221417564
0.178985912,0.221466479
0.179029685,0.221515392
0.17907346,0.221564302
0.179117237,0.221613209
0.179161015,0.221662114
0.179204796,0.221711016
0.179248579,0.221759916
0.179292363,0.221808813
0.17933615,0.221857708
0.179379938,0.221906601
0.179423729,0.221955491
0.179467521,0.222004379
0.179511316,0.222053265
0.179555112,0.222102148
0.17959891,0.222151029
0.17964271,0.222199908
0.179686512,0.222248785
0.179730316,0.22229766
0.179774122,0.222346532
0.17981793,0.222395402
0.17986174,0.222444269
0.179905551,0.222493134
0.179949365,0.222541997
0.17999318,0.222590857
0.180036998,0.222639715
0.180080817,0.22268857
0.180124638,0.222737422
0.180168461,0.222786272
0.180212286,0.222835119
0.180256113,0.222883963
0.180299942,0.222932804
0.180343773,0.222981641
0.180387605,0.223030476
0.18043144,0.223079308
0.180475276,0.223128136
0.180519115,0.223176961
0.180562955,0.223225782
0.180606797,0.223274599
0.180650641,0.223323413
0.180694486,0.223372223
0.180738334,0.223421028
0.180782184,0.22346983
0.180826035,0.223518627
0.180869888,0.22356742
0.180913743,0.223616209
0.1809576,0.223664994
0.181001459,0.223713774
0.18104532,0.223762551
0.181089182,0.223811323
0.181133047,0.223860092
0.181176913,0.223908856
0.181220781,0.223957617
0.181264651,0.224006374
0.181308523,0.224055127
0.181352397,0.224103877
0.181396272,0.224152624
0.181440149,0.224201367
0.181484029,0.224250107
0.18152791,0.224298843
0.181571792,0.224347577
0.181615677,0.224396308
0.181659563,0.224445036
0.181703452,0.224493761
0.181747342,0.224542483
0.181791234,0.224591203
0.181835127,0.22463992
0.181879023,0.224688634
0.18192292,0.224737347
0.181966819,0.224786056
0.18201072,0.224834763
0.182054623,0.224883468
0.182098528,0.224932171
0.182142434,0.224980871
0.182186342,0.225029568
0.182230252,0.225078264
0.182274164,0.225126957
0.182318077,0.225175648
0.182361993,0.225224336
0.18240591,0.225273022
0.182449829,0.225321706
0.182493749,0.225370387
0.182537672,0.225419066
0.182581596,0.225467742
0.182625522,0.225516416
0.18266945,0.225565087
0.182713379,0.225613756
0.18275731,0.225662421
0.182801243,0.225711084
0.182845178,0.225759744
0.182889115,0.225808401
0.182933053,0.225857055
0.182976993,0.225905706
0.183020935,0.225954354
0.183064878,0.226002998
0.183108824,0.226051639
0.183152771,0.226100277
0.18319672,0.22614891
0.18324067,0.22619754
0.183284622,0.226246167
0.183328576,0.226294789
0.183372532,0.226343407
0.183416489,0.22639202
0.183460448,0.22644063
0.183504409,0.226489235
0.183548372,0.226537836
0.183592336,0.226586433
0.183636302,0.226635025
0.18368027,0.226683613
0.183724239,0.226732197
0.18376821,0.226780777
0.183812183,0.226829353
0.183856158,0.226877926
0.183900134,0.226926494
0.183944112,0.226975059
0.183988092,0.22702362
0.184032073,0.227072178
0.184076056,0.227120732
0.184120041,0.227169283
0.184164027,0.227217831
0.184208015,0.227266375
0.184252005,0.227314917
0.184295996,0.227363456
0.184339989,0.227411991
0.184383984,0.227460524
0.18442798,0.227509055
0.184471978,0.227557582
0.184515978,0.227606107
0.184559979,0.22765463
0.184603982,0.227703149
0.184647987,0.227751667
0.184691993,0.227800182
0.184736001,0.227848694
0.184780011,0.227897204
0.184824022,0.227945712
0.184868035,0.227994217
0.18491205,0.22804272
0.184956066,0.228091221
0.185000084,0.228139719
0.185044103,0.228188214
0.185088124,0.228236708
0.185132147,0.228285198
0.185176171,0.228333686
0.185220197,0.228382172
0.185264225,0.228430655
0.185308254,0.228479135
0.185352285,0.228527613
0.185396317,0.228576088
0.185440351,0.228624559
0.185484387,0.228673028
0.185528424,0.228721494
0.185572463,0.228769957
0.185616503,0.228818416
0.185660545,0.228866873
0.185704589,0.228915326
0.185748634,0.228963775
0.185792681,0.229012221
0.185836729,0.229060663
0.185880779,0.229109101
0.185924831,0.229157535
0.185968884,0.229205965
0.186012938,0.229254391
0.186056994,0.229302813
0.186101052,0.229351231
0.186145112,0.229399644
0.186189172,0.229448052
0.186233235,0.229496456
0.186277299,0.229544856
0.186321364,0.229593252
0.186365432,0.229641644
0.1864095,0.229690031
0.18645357,0.229738415
0.186497642,0.229786794
0.186541715,0.22983517
0.18658579,0.229883542
0.186629867,0.22993191
0.186673944,0.229980274
0.186718024,0.230028636
0.186762105,0.230076993
0.186806187,0.230125348
0.186850271,0.230173699
0.186894357,0.230222047
0.186938444,0.230270393
0.186982532,0.230318735
0.187026622,0.230367074
0.187070714,0.230415411
0.187114807,0.230463745
0.187158901,0.230512076
0.187202997,0.230560405
0.187247095,0.230608731
0.187291194,0.230657054
0.187335294,0.230705375
0.187379396,0.230753693
0.187423499,0.230802009
0.187467604,0.230850322
0.187511711,0.230898633
0.187555819,0.230946942
0.187599928,0.230995248
0.187644039,0.231043551
0.187688151,0.231091852
0.187732265,0.231140151
0.18777638,0.231188447
0.187820497,0.23123674
0.187864615,0.231285031
0.187908734,0.231333319
0.187952855,0.231381604
0.187996978,0.231429887
0.188041102,0.231478166
0.188085227,0.231526443
0.188129354,0.231574716
0.188173482,0.231622987
0.188217611,0.231671254
0.188261743,0.231719518
0.188305875,0.231767779
0.188350009,0.231816036
0.188394144,0.23186429
0.188438281,0.23191254
0.188482419,0.231960786
0.188526559,0.232009029
0.1885707,0.232057267
0.188614842,0.232105501
0.188658986,0.232153731
0.188703131,0.232201956
0.188747277,0.232250178
0.188791425,0.232298394
0.188835575,0.232346607
0.188879725,0.232394814
0.188923877,0.232443018
0.188968031,0.232491217
0.189012186,0.232539412
0.189056342,0.232587603
0.1891005,0.232635789
0.189144659,0.232683972
0.189188819,0.232732151
0.189232981,0.232780326
0.189277144,0.232828497
0.189321308,0.232876664
0.189365474,0.232924828
0.189409641,0.232972989
0.189453809,0.233021146
0.189497979,0.2330693
0.18954215,0.233117451
0.189586323,0.233165599
0.189630497,0.233213743
0.189674672,0.233261885
0.189718848,0.233310024
0.189763026,0.23335816
0.189807205,0.233406293
0.189851386,0.233454424
0.189895568,0.233502552
0.189939751,0.233550677
0.189983935,0.2335988
0.190028121,0.23364692
0.190072308,0.233695038
0.190116496,0.233743153
0.190160686,0.233791266
0.190204877,0.233839376
0.190249069,0.233887483
0.190293262,0.233935588
0.190337457,0.233983691
0.190381653,0.234031791
0.190425851,0.234079888
0.190470049,0.234127982
0.190514249,0.234176074
0.19055845,0.234224163
0.190602653,0.234272249
0.190646856,0.234320333
0.190691061,0.234368413
0.190735267,0.234416491
0.190779475,0.234464565
0.190823684,0.234512636
0.190867894,0.234560704
0.190912105,0.234608769
0.190956317,0.23465683
0.191000531,0.234704888
0.191044746,0.234752942
0.191088962,0.234800992
0.19113318,0.234849038
0.191177398,0.234897081
0.191221618,0.234945119
0.191265839,0.234993153
0.191310061,0.235041183
0.191354285,0.235089209
0.19139851,0.235137229
0.191442736,0.235185245
0.191486963,0.235233257
0.191531191,0.235281263
0.191575421,0.235329264
0.191619651,0.235377259
0.191663883,0.23542525
0.191708116,0.235473234
0.191752351,0.235521213
0.191796586,0.235569186
0.191840823,0.235617153
0.191885061,0.235665113
0.1919293,0.235713067
0.19197354,0.235761015
0.192017781,0.235808956
0.192062024,0.23585689
0.192106267,0.235904816
0.192150512,0.235952736
0.192194758,0.236000648
0.192239005,0.236048553
0.192283254,0.236096449
0.192327503,0.236144338
0.192371754,0.236192218
0.192416005,0.236240091
0.192460258,0.236287954
0.192504512,0.236335809
0.192548767,0.236383655
0.192593023,0.236431492
0.192637281,0.23647932
0.192681539,0.236527138
0.192725799,0.236574947
0.192770059,0.236622745
0.192814321,0.236670534
0.192858584,0.236718313
0.192902848,0.236766081
0.192947113,0.236813838
0.19299138,0.236861585
0.193035647,0.236909321
0.193079915,0.236957046
0.193124185,0.237004759
0.193168455,0.237052461
0.193212727,0.237100151
0.193257,0.237147829
0.193301273,0.237195495
0.193345548,0.237243148
0.193389824,0.237290789
0.193434101,0.237338418
0.193478379,0.237386033
0.193522658,0.237433635
0.193566938,0.237481225
0.193611219,0.2375288
0.193655502,0.237576362
0.193699785,0.23762391
0.193744069,0.237671444
0.193788355,0.237718964
0.193832641,0.23776647
0.193876928,0.237813961
0.193921217,0.237861437
0.193965506,0.237908898
0.194009797,0.237956344
0.194054088,0.238003774
0.194098381,0.238051189
0.194142674,0.238098588
0.194186969,0.238145972
0.194231264,0.238193339
0.194275561,0.23824069
0.194319858,0.238288024
0.194364157,0.238335342
0.194408456,0.238382643
0.194452757,0.238429927
0.194497058,0.238477194
0.194541361,0.238524443
0.194585664,0.238571675
0.194629968,0.238618889
0.194674274,0.238666086
0.19471858,0.238713264
0.194762887,0.238760424
0.194807195,0.238807565
0.194851505,0.238854688
0.194895815,0.238901792
0.194940126,0.238948877
0.194984438,0.238995943
0.195028751,0.23904299
0.195073065,0.239090018
0.195117379,0.239137025
0.195161695,0.239184013
0.195206012,0.239230981
0.195250329,0.239277929
0.195294648,0.239324857
0.195338967,0.239371764
0.195383288,0.23941865
0.195427609,0.239465516
0.195471931,0.239512361
0.195516254,0.239559185
0.195560578,0.239605987
0.195604903,0.239652768
0.195649229,0.239699528
0.195693555,0.239746266
0.195737883,0.239792982
0.195782211,0.239839676
0.195826541,0.239886348
0.195870871,0.239932997
0.195915202,0.239979624
0.195959534,0.240026229
0.196003866,0.240072811
0.1960482,0.24011937
0.196092534,0.240165905
0.19613687,0.240212418
0.196181206,0.240258907
0.196225543,0.240305373
0.196269881,0.240351815
0.196314219,0.240398234
0.196358559,0.240444629
0.196402899,0.240490999
0.19644724,0.240537346
0.196491582,0.240583668
0.196535925,0.240629966
0.196580269,0.240676239
0.196624613,0.240722487
0.196668958,0.240768711
0.196713304,0.24081491
0.196757651,0.240861084
0.196801999,0.240907232
0.196846347,0.240953355
0.196890696,0.240999453
0.196935046,0.241045525
0.196979397,0.241091572
0.197023749,0.241137592
0.197068101,0.241183587
0.197112454,0.241229556
0.197156808,0.241275498
0.197201163,0.241321415
0.197245518,0.241367305
0.197289874,0.241413168
0.197334231,0.241459005
0.197378589,0.241504815
0.197422947,0.241550598
0.197467306,0.241596354
0.197511666,0.241642083
0.197556027,0.241687785
0.197600388,0.24173346
0.19764475,0.241779107
0.197689113,0.241824727
0.197733477,0.241870319
0.197777841,0.241915883
0.197822206,0.24196142
0.197866572,0.242006929
0.197910938,0.242052409
0.197955305,0.242097862
0.197999673,0.242143286
0.198044041,0.242188683
0.19808841,0.24223405
0.19813278,0.24227939
0.198177151,0.2423247
0.198221522,0.242369982
0.198265894,0.242415235
0.198310266,0.24246046
0.19835464,0.242505655
0.198399013,0.242550821
0.198443388,0.242595959
0.198487763,0.242641067
0.198532139,0.242686145
0.198576516,0.242731195
0.198620893,0.242776214
0.19866527,0.242821205
0.198709649,0.242866165
0.198754028,0.242911096
0.198798408,0.242955997
0.198842788,0.243000869
0.198887169,0.24304571
0.19893155,0.243090521
0.198975933,0.243135302
0.199020315,0.243180053
0.199064699,0.243224774
0.199109083,0.243269464
0.199153467,0.243314124
0.199197853,0.243358753
0.199242238,0.243403352
0.199286625,0.24344792
0.199331012,0.243492458
0.199375399,0.243536965
0.199419787,0.243581441
0.199464176,0.243625885
0.199508565,0.243670299
0.199552955,0.243714682
0.199597345,0.243759034
0.199641736,0.243803355
0.199686128,0.243847644
0.19973052,0.243891902
0.199774912,0.243936129
0.199819306,0.243980325
0.199863699,0.244024488
0.199908093,0.244068621
0.199952488,0.244112721
0.199996883,0.24415679
0.200041279,0.244200828
0.200085675,0.244244833
0.200130072,0.244288807
0.200174469,0.244332749
0.200218867,0.244376659
0.200263266,0.244420536
0.200307664,0.244464382
0.200352064,0.244508196
0.200396463,0.244551977
0.200440864,0.244595727
0.200485265,0.244639444
0.200529666,0.244683128
0.200574067,0.244726781
0.20061847,0.244770401
0.200662872,0.244813988
0.200707275,0.244857543
0.200751679,0.244901066
0.200796083,0.244944556
0.200840487,0.244988013
0.200884892,0.245031437
0.200929298,0.245074829
0.200973704,0.245118188
0.20101811,0.245161514
0.201062516,0.245204808
0.201106924,0.245248068
0.201151331,0.245291295
0.201195739,0.24533449
0.201240147,0.245377651
0.201284556,0.24542078
0.201328965,0.245463875
0.201373375,0.245506937
0.201417785,0.245549966
0.201462195,0.245592962
0.201506606,0.245635924
0.201551017,0.245678853
0.201595429,0.245721749
0.201639841,0.245764612
0.201684253,0.245807441
0.201728665,0.245850237
0.201773078,0.245892999
0.201817492,0.245935728
0.201861906,0.245978423
0.20190632,0.246021084
0.201950734,0.246063712
0.201995149,0.246106307
0.202039564,0.246148868
0.202083979,0.246191395
0.202128395,0.246233888
0.202172811,0.246276348
0.202217228,0.246318774
0.202261644,0.246361166
0.202306062,0.246403524
0.202350479,0.246445848
0.202394897,0.246488139
0.202439315,0.246530395
0.202483733,0.246572618
0.202528152,0.246614807
0.20257257,0.246656962
0.20261699,0.246699082
0.202661409,0.246741169
0.202705829,0.246783222
0.202750249,0.24682524
0.202794669,0.246867225
0.20283909,0.246909175
0.20288351,0.246951092
0.202927931,0.246992974
0.202972353,0.247034822
0.203016774,0.247076636
0.203061196,0.247118415
0.203105618,0.24716016
0.203150041,0.247201871
0.203194463,0.247243548
0.203238886,0.247285191
0.203283309,0.247326799
0.203327732,0.247368373
0.203372155,0.247409912
0.203416579,0.247451417
0.203461003,0.247492888
0.203505427,0.247534325
0.203549851,0.247575726
0.203594276,0.247617094
0.2036387,0.247658427
0.203683125,0.247699726
0.20372755,0.24774099
0.203771975,0.24778222
0.203816401,0.247823415
0.203860826,0.247864575
0.203905252,0.247905701
0.203949678,0.247946793
0.203994104,0.24798785
0.20403853,0.248028873
0.204082956,0.248069861
0.204127383,0.248110814
0.204171809,0.248151733
0.204216236,0.248192617
0.204260663,0.248233466
0.20430509,0.248274281
0.204349517,0.248315062
0.204393944,0.248355807
0.204438371,0.248396518
0.204482799,0.248437194
0.204527226,0.248477836
0.204571654,0.248518443
0.204616082,0.248559015
0.20466051,0.248599553
0.204704937,0.248640056
0.204749365,0.248680524
0.204793794,0.248720957
0.204838222,0.248761356
0.20488265,0.24880172
0.204927078,0.248842049
0.204971507,0.248882344
0.205015935,0.248922603
0.205060363,0.248962828
0.205104792,0.249003019
0.20514922,0.249043174
0.205193649,0.249083295
0.205238078,0.249123381
0.205282506,0.249163432
0.205326935,0.249203448
0.205371364,0.24924343
0.205415792,0.249283377
0.205460221,0.249323289
0.20550465,0.249363166
0.205549079,0.249403008
0.205593507,0.249442816
0.205637936,0.249482589
0.205682365,0.249522327
0.205726794,0.24956203
0.205771222,0.249601698
0.205815651,0.249641332
0.20586008,0.249680931
0.205904508,0.249720495
0.205948937,0.249760024
0.205993365,0.249799518
0.206037794,0.249838978
0.206082222,0.249878403
0.206126651,0.249917792
0.206171079,0.249957147
0.206215507,0.249996468
0.206259936,0.250035753
0.206304364,0.250075004
0.206348792,0.25011422
0.20639322,0.250153401
0.206437648,0.250192547
0.206482075,0.250231658
0.206526503,0.250270735
0.206570931,0.250309777
0.206615358,0.250348784
0.206659786,0.250387756
0.206704213,0.250426693
0.20674864,0.250465596
0.206793067,0.250504464
0.206837494,0.250543297
0.206881921,0.250582095
0.206926348,0.250620858
0.206970774,0.250659587
0.2070152,0.250698281
0.207059627,0.25073694
0.207104053,0.250775564
0.207148479,0.250814154
0.207192904,0.250852708
0.20723733,0.250891228
0.207281755,0.250929714
0.207326181,0.250968164
0.207370606,0.25100658
0.207415031,0.251044961
0.207459455,0.251083307
0.20750388,0.251121619
0.207548304,0.251159895
0.207592728,0.251198138
0.207637152,0.251236345
0.207681576,0.251274518
0.207725999,0.251312656
0.207770422,0.251350759
0.207814845,0.251388827
0.207859268,0.251426861
0.20790369,0.25146486
0.207948113,0.251502825
0.207992535,0.251540755
0.208036957,0.25157865
0.208081378,0.25161651
0.208125799,0.251654336
0.20817022,0.251692128
0.208214641,0.251729884
0.208259062,0.251767606
0.208303482,0.251805293
0.208347902,0.251842946
0.208392321,0.251880564
0.208436741,0.251918148
0.20848116,0.251955697
0.208525578,0.251993211
0.208569997,0.252030691
0.208614415,0.252068136
0.208658833,0.252105546
0.20870325,0.252142923
0.208747667,0.252180264
0.208792084,0.252217571
0.2088365,0.252254843
0.208880917,0.252292081
0.208925332,0.252329285
0.208969748,0.252366454
0.209014163,0.252403588
0.209058578,0.252440688
0.209102992,0.252477753
0.209147406,0.252514784
0.20919182,0.252551781
0.209236233,0.252588743
0.209280646,0.252625671
0.209325058,0.252662564
0.20936947,0.252699423
0.209413882,0.252736247
0.209458293,0.252773037
0.209502704,0.252809792
0.209547114,0.252846513
0.209591524,0.2528832
0.209635934,0.252919853
0.209680343,0.252956471
0.209724752,0.252993054
0.20976916,0.253029604
0.209813568,0.253066119
0.209857976,0.2531026
0.209902383,0.253139046
0.209946789,0.253175458
0.209991195,0.253211836
0.210035601,0.25324818
0.210080006,0.253284489
0.210124411,0.253320764
0.210168815,0.253357005
0.210213219,0.253393212
0.210257622,0.253429384
0.210302025,0.253465522
0.210346427,0.253501626
0.210390828,0.253537696
0.21043523,0.253573731
0.21047963,0.253609733
0.210524031,0.2536457
0.21056843,0.253681633
0.210612829,0.253717532
0.210657228,0.253753397
0.210701626,0.253789228
0.210746023,0.253825025
0.21079042,0.253860787
0.210834817,0.253896516
0.210879213,0.25393221
0.210923608,0.253967871
0.210968003,0.254003497
0.211012397,0.254039089
0.21105679,0.254074648
0.211101183,0.254110172
0.211145576,0.254145662
0.211189968,0.254181119
0.211234359,0.254216541
0.211278749,0.25425193
0.211323139,0.254287284
0.211367529,0.254322605
0.211411918,0.254357891
0.211456306,0.254393144
0.211500693,0.254428363
0.21154508,0.254463548
0.211589466,0.254498699
0.211633852,0.254533816
0.211678237,0.254568899
0.211722621,0.254603949
0.211767005,0.254638965
0.211811388,0.254673947
0.21185577,0.254708895
0.211900152,0.254743809
0.211944533,0.25477869
0.211988913,0.254813536
0.212033293,0.254848349
0.212077672,0.254883129
0.21212205,0.254917874
0.212166427,0.254952586
0.212210804,0.254987264
0.21225518,0.255021909
0.212299556,0.25505652
0.21234393,0.255091097
0.212388304,0.255125641
0.212432677,0.25516015
0.21247705,0.255194627
0.212521422,0.25522907
0.212565792,0.255263479
0.212610163,0.255297854
0.212654532,0.255332196
0.212698901,0.255366505
0.212743269,0.25540078
0.212787636,0.255435021
0.212832002,0.255469229
0.212876368,0.255503403
0.212920733,0.255537544
0.212965097,0.255571651
0.21300946,0.255605725
0.213053822,0.255639766
0.213098184,0.255673773
0.213142544,0.255707747
0.213186904,0.255741687
0.213231263,0.255775594
0.213275622,0.255809467
0.213319979,0.255843308
0.213364336,0.255877114
0.213408692,0.255910888
0.213453046,0.255944628
0.213497401,0.255978335
0.213541754,0.256012008
0.213586106,0.256045649
0.213630457,0.256079256
0.213674808,0.256112829
0.213719158,0.25614637
0.213763507,0.256179877
0.213807854,0.256213351
0.213852201,0.256246792
0.213896548,0.2562802
0.213940893,0.256313574
0.213985237,0.256346916
0.21402958,0.256380224
0.214073923,0.256413499
0.214118264,0.256446741
0.214162605,0.25647995
0.214206945,0.256513126
0.214251283,0.256546269
0.214295621,0.256579378
0.214339958,0.256612455
0.214384294,0.256645499
0.214428628,0.256678509
0.214472962,0.256711487
0.214517295,0.256744432
0.214561627,0.256777343
0.214605958,0.256810222
0.214650288,0.256843068
0.214694617,0.256875881
0.214738945,0.256908661
0.214783272,0.256941408
0.214827598,0.256974122
0.214871923,0.257006803
0.214916247,0.257039451
0.214960569,0.257072067
0.215004891,0.25710465
0.215049212,0.2571372
0.215093532,0.257169717
0.21513785,0.257202201
0.215182168,0.257234653
0.215226485,0.257267071
0.2152708,0.257299457
0.215315114,0.257331811
0.215359428,0.257364131
0.21540374,0.257396419
0.215448051,0.257428675
0.215492361,0.257460897
0.21553667,0.257493087
0.215580978,0.257525244
0.215625285,0.257557369
0.21566959,0.257589461
0.215713895,0.25762152
0.215758198,0.257653547
0.215802501,0.257685542
0.215846802,0.257717503
0.215891102,0.257749432
0.2159354,0.257781329
0.215979698,0.257813193
0.216023995,0.257845025
0.21606829,0.257876824
0.216112584,0.257908591
0.216156877,0.257940325
0.216201169,0.257972027
0.21624546,0.258003696
0.216289749,0.258035333
0.216334037,0.258066938
0.216378324,0.25809851
0.21642261,0.25813005
0.216466895,0.258161557
0.216511178,0.258193032
0.21655546,0.258224475
0.216599741,0.258255886
0.216644021,0.258287264
0.216688299,0.25831861
0.216732577,0.258349924
0.216776853,0.258381205
0.216821127,0.258412454
0.216865401,0.258443671
0.216909673,0.258474856
0.216953944,0.258506009
0.216998213,0.258537129
0.217042482,0.258568217
0.217086749,0.258599274
0.217131015,0.258630298
0.217175279,0.258661289
0.217219542,0.258692249
0.217263804,0.258723177
0.217308064,0.258754072
0.217352324,0.258784936
0.217396581,0.258815767
0.217440838,0.258846567
0.217485093,0.258877334
0.217529347,0.25890807
0.217573599,0.258938773
0.217617851,0.258969445
0.2176621,0.259000084
0.217706349,0.259030692
0.217750596,0.259061268
0.217794841,0.259091812
0.217839086,0.259122323
0.217883328,0.259152803
0.21792757,0.259183252
0.21797181,0.259213668
0.218016048,0.259244052
0.218060286,0.259274405
0.218104522,0.259304726
0.218148756,0.259335015
0.218192989,0.259365272
0.21823722,0.259395498
0.21828145,0.259425691
0.218325679,0.259455853
0.218369906,0.259485984
0.218414132,0.259516082
0.218458356,0.259546149
0.218502579,0.259576184
0.2185468,0.259606188
0.21859102,0.25963616
0.218635238,0.2596661
0.218679455,0.259696009
0.218723671,0.259725886
0.218767884,0.259755731
0.218812097,0.259785545
0.218856307,0.259815328
0.218900517,0.259845079
0.218944725,0.259874798
0.218988931,0.259904486
0.219033135,0.259934142
0.219077339,0.259963767
0.21912154,0.25999336
0.21916574,0.260022922
0.219209939,0.260052452
0.219254136,0.260081952
0.219298331,0.260111419
0.219342525,0.260140855
0.219386717,0.26017026
0.219430907,0.260199634
0.219475096,0.260228976
0.219519284,0.260258287
0.219563469,0.260287566
0.219607654,0.260316814
0.219651836,0.260346031
0.219696017,0.260375217
0.219740196,0.260404371
0.219784374,0.260433494
0.21982855,0.260462586
0.219872724,0.260491647
0.219916897,0.260520676
0.219961068,0.260549675
0.220005237,0.260578642
0.220049405,0.260607578
0.220093571,0.260636482
0.220137735,0.260665356
0.220181898,0.260694199
0.220226059,0.26072301
0.220270218,0.260751791
0.220314376,0.26078054
0.220358532,0.260809258
0.220402686,0.260837945
0.220446838,0.260866602
0.220490989,0.260895227
0.220535138,0.260923821
0.220579285,0.260952384
0.22062343,0.260980916
0.220667574,0.261009418
0.220711716,0.261037888
0.220755856,0.261066328
0.220799994,0.261094736
0.220844131,0.261123114
0.220888266,0.26115146
0.220932399,0.261179776
0.22097653,0.261208061
0.221020659,0.261236316
0.221064787,0.261264539
0.221108913,0.261292732
0.221153037,0.261320893
0.221197159,0.261349024
0.221241279,0.261377125
0.221285398,0.261405194
0.221329514,0.261433233
0.221373629,0.261461241
0.221417742,0.261489219
0.221461853,0.261517165
0.221505962,0.261545081
0.22155007,0.261572967
0.221594175,0.261600821
0.221638279,0.261628645
0.22168238,0.261656439
0.22172648,0.261684202
0.221770578,0.261711934
0.221814674,0.261739636
0.221858768,0.261767307
0.22190286,0.261794948
0.22194695,0.261822558
0.221991039,0.261850137
0.222035125,0.261877687
0.222079209,0.261905205
0.222123292,0.261932693
0.222167372,0.261960151
0.222211451,0.261987578
0.222255527,0.262014975
0.222299602,0.262042342
0.222343674,0.262069678
0.222387745,0.262096983
0.222431814,0.262124259
0.22247588,0.262151504
0.222519945,0.262178718
0.222564008,0.262205903
0.222608068,0.262233057
0.222652127,0.26226018
0.222696183,0.262287274
0.222740238,0.262314337
0.22278429,0.26234137
0.222828341,0.262368372
0.222872389,0.262395345
0.222916435,0.262422287
0.222960479,0.262449199
0.223004522,0.262476081
0.223048562,0.262502933
0.2230926,0.262529754
0.223136636,0.262556546
0.223180669,0.262583307
0.223224701,0.262610039
0.223268731,0.26263674
0.223312758,0.262663411
0.223356783,0.262690052
0.223400807,0.262716663
0.223444828,0.262743244
0.223488847,0.262769795
0.223532863,0.262796316
0.223576878,0.262822807
0.223620891,0.262849268
0.223664901,0.262875699
0.223708909,0.2629021
0.223752915,0.262928471
0.223796919,0.262954812
0.22384092,0.262981123
0.22388492,0.263007405
0.223928917,0.263033656
0.223972912,0.263059878
0.224016905,0.26308607
0.224060895,0.263112232
0.224104884,0.263138364
0.22414887,0.263164467
0.224192854,0.263190539
0.224236835,0.263216582
0.224280815,0.263242595
0.224324792,0.263268579
0.224368767,0.263294532
0.224412739,0.263320456
0.224456709,0.263346351
0.224500677,0.263372215
0.224544643,0.26339805
0.224588607,0.263423855
0.224632568,0.263449631
0.224676527,0.263475377
0.224720483,0.263501093
0.224764437,0.26352678
0.224808389,0.263552437
0.224852339,0.263578065
0.224896286,0.263603663
0.224940231,0.263629232
0.224984173,0.263654771
0.225028113,0.26368028
0.225072051,0.26370576
0.225115986,0.263731211
0.225159919,0.263756632
0.22520385,0.263782023
0.225247778,0.263807386
0.225291704,0.263832718
0.225335627,0.263858022
0.225379548,0.263883296
0.225423467,0.26390854
0.225467383,0.263933755
0.225511297,0.263958941
0.225555208,0.263984098
0.225599117,0.264009225
0.225643024,0.264034323
0.225686928,0.264059391
0.225730829,0.26408443
0.225774728,0.26410944
0.225818625,0.264134421
0.225862519,0.264159373
0.22590641,0.264184295
0.2259503,0.264209188
0.225994186,0.264234052
0.22603807,0.264258887
0.226081952,0.264283692
0.226125831,0.264308469
0.226169708,0.264333216
0.226213582,0.264357934
0.226257453,0.264382623
0.226301322,0.264407283
0.226345188,0.264431914
0.226389052,0.264456515
0.226432914,0.264481088
0.226476772,0.264505632
0.226520628,0.264530146
0.226564482,0.264554632
0.226608333,0.264579089
0.226652181,0.264603516
0.226696027,0.264627915
0.22673987,0.264652285
0.226783711,0.264676626
0.226827549,0.264700937
0.226871384,0.26472522
0.226915217,0.264749474
0.226959047,0.2647737
0.227002874,0.264797896
0.227046699,0.264822063
0.227090521,0.264846202
0.22713434,0.264870312
0.227178157,0.264894393
0.227221971,0.264918445
0.227265782,0.264942468
0.227309591,0.264966463
0.227353397,0.264990428
0.2273972,0.265014366
0.227441001,0.265038274
0.227484798,0.265062153
0.227528593,0.265086004
0.227572386,0.265109827
0.227616175,0.26513362
0.227659962,0.265157385
0.227703746,0.265181121
0.227747528,0.265204829
0.227791306,0.265228508
0.227835082,0.265252158
0.227878855,0.26527578
0.227922625,0.265299374
0.227966393,0.265322938
0.228010158,0.265346474
0.228053919,0.265369982
0.228097679,0.265393461
0.228141435,0.265416912
0.228185188,0.265440334
0.228228939,0.265463727
0.228272686,0.265487092
0.228316431,0.265510429
0.228360173,0.265533737
0.228403913,0.265557017
0.228447649,0.265580269
0.228491382,0.265603492
0.228535113,0.265626686
0.228578841,0.265649853
0.228622565,0.265672991
0.228666287,0.2656961
0.228710006,0.265719181
0.228753722,0.265742234
0.228797435,0.265765259
0.228841146,0.265788255
0.228884853,0.265811223
0.228928557,0.265834163
0.228972259,0.265857075
0.229015957,0.265879958
0.229059653,0.265902813
0.229103345,0.26592564
0.229147035,0.265948439
0.229190721,0.26597121
0.229234405,0.265993952
0.229278086,0.266016667
0.229321763,0.266039353
0.229365438,0.266062011
0.229409109,0.266084641
0.229452778,0.266107243
0.229496444,0.266129816
0.229540106,0.266152362
0.229583766,0.26617488
0.229627422,0.266197369
0.229671075,0.266219831
0.229714726,0.266242265
0.229758373,0.26626467
0.229802017,0.266287048
0.229845658,0.266309398
0.229889296,0.266331719
0.229932931,0.266354013
0.229976563,0.266376279
0.230020192,0.266398517
0.230063817,0.266420727
0.23010744,0.266442909
0.230151059,0.266465063
0.230194675,0.26648719
0.230238288,0.266509289
0.230281898,0.266531359
0.230325505,0.266553402
0.230369109,0.266575417
0.230412709,0.266597405
0.230456306,0.266619364
0.2304999,0.266641296
0.230543491,0.2666632
0.230587079,0.266685077
0.230630663,0.266706925
0.230674245,0.266728746
0.230717823,0.26675054
0.230761398,0.266772305
0.230804969,0.266794043
0.230848538,0.266815753
0.230892103,0.266837436
0.230935665,0.266859091
0.230979223,0.266880718
0.231022779,0.266902318
0.231066331,0.26692389
0.231109879,0.266945435
0.231153425,0.266966952
0.231196967,0.266988441
0.231240506,0.267009903
0.231284042,0.267031338
0.231327574,0.267052745
0.231371103,0.267074124
0.231414629,0.267095476
0.231458151,0.267116801
0.23150167,0.267138098
0.231545186,0.267159368
0.231588698,0.26718061
0.231632207,0.267201825
0.231675712,0.267223012
0.231719215,0.267244172
0.231762713,0.267265305
0.231806209,0.267286411
0.231849701,0.267307489
0.231893189,0.267328539
0.231936675,0.267349563
0.231980156,0.267370559
0.232023635,0.267391528
0.23206711,0.267412469
0.232110581,0.267433383
0.232154049,0.26745427
0.232197514,0.26747513
0.232240975,0.267495963
0.232284432,0.267516768
0.232327887,0.267537546
0.232371337,0.267558297
0.232414784,0.267579021
0.232458228,0.267599718
0.232501668,0.267620387
0.232545105,0.26764103
0.232588538,0.267661645
0.232631968,0.267682233
0.232675394,0.267702795
0.232718817,0.267723329
0.232762236,0.267743836
0.232805651,0.267764316
0.232849063,0.267784769
0.232892471,0.267805195
0.232935876,0.267825593
0.232979277,0.267845965
0.233022675,0.26786631
0.233066069,0.267886628
0.233109459,0.267906919
0.233152846,0.267927183
0.233196229,0.267947421
0.233239609,0.267967631
0.233282985,0.267987814
0.233326357,0.268007971
0.233369726,0.2680281
0.233413091,0.268048203
0.233456452,0.268068279
0.23349981,0.268088328
0.233543164,0.26810835
0.233586514,0.268128346
0.233629861,0.268148315
0.233673204,0.268168256
0.233716543,0.268188172
0.233759879,0.26820806
0.233803211,0.268227922
0.233846539,0.268247757
0.233889863,0.268267565
0.233933184,0.268287346
0.233976501,0.268307101
0.234019814,0.268326829
0.234063123,0.268346531
0.234106429,0.268366206
0.234149731,0.268385854
0.234193029,0.268405476
0.234236323,0.268425071
0.234279614,0.268444639
0.2343229,0.268464181
0.234366183,0.268483696
0.234409462,0.268503185
0.234452737,0.268522647
0.234496009,0.268542083
0.234539276,0.268561492
0.23458254,0.268580874
0.2346258,0.26860023
0.234669056,0.26861956
0.234712308,0.268638863
0.234755556,0.26865814
0.234798801,0.26867739
0.234842041,0.268696614
0.234885278,0.268715812
0.234928511,0.268734983
0.234971739,0.268754128
0.235014964,0.268773246
0.235058185,0.268792338
0.235101402,0.268811404
0.235144615,0.268830443
0.235187824,0.268849456
0.23523103,0.268868443
0.235274231,0.268887403
0.235317428,0.268906337
0.235360621,0.268925245
0.23540381,0.268944127
0.235446996,0.268962982
0.235490177,0.268981811
0.235533354,0.269000614
0.235576528,0.269019391
0.235619697,0.269038142
0.235662862,0.269056866
0.235706023,0.269075564
0.23574918,0.269094236
0.235792333,0.269112882
0.235835482,0.269131502
0.235878627,0.269150096
0.235921768,0.269168664
0.235964905,0.269187205
0.236008038,0.269205721
0.236051166,0.26922421
0.236094291,0.269242673
0.236137411,0.269261111
0.236180528,0.269279522
0.23622364,0.269297907
0.236266748,0.269316267
0.236309852,0.2693346
0.236352952,0.269352908
0.236396047,0.269371189
0.236439139,0.269389445
0.236482226,0.269407674
0.236525309,0.269425878
0.236568388,0.269444056
0.236611463,0.269462207
0.236654533,0.269480333
0.2366976,0.269498434
0.236740662,0.269516508
0.23678372,0.269534556
0.236826773,0.269552579
0.236869823,0.269570576
0.236912868,0.269588547
0.236955909,0.269606492
0.236998946,0.269624411
0.237041978,0.269642305
0.237085006,0.269660173
0.23712803,0.269678015
0.237171049,0.269695832
0.237214065,0.269713623
0.237257076,0.269731388
0.237300082,0.269749127
0.237343085,0.269766841
0.237386083,0.269784529
0.237429076,0.269802191
0.237472066,0.269819828
0.237515051,0.269837439
0.237558031,0.269855025
0.237601008,0.269872585
0.23764398,0.26989012
0.237686947,0.269907628
0.23772991,0.269925112
0.237772869,0.269942569
0.237815823,0.269960002
0.237858773,0.269977408
0.237901719,0.26999479
0.23794466,0.270012145
0.237987597,0.270029476
0.238030529,0.27004678
0.238073457,0.27006406
0.23811638,0.270081314
0.238159299,0.270098542
0.238202213,0.270115745
0.238245123,0.270132923
0.238288029,0.270150075
0.23833093,0.270167202
0.238373826,0.270184303
0.238416718,0.270201379
0.238459605,0.27021843
0.238502488,0.270235456
0.238545367,0.270252456
0.238588241,0.270269431
0.23863111,0.27028638
0.238673975,0.270303305
0.238716835,0.270320204
0.23875969,0.270337078
0.238802541,0.270353926
0.238845388,0.270370749
0.23888823,0.270387548
0.238931067,0.270404321
0.2389739,0.270421068
0.239016728,0.270437791
0.239059551,0.270454488
0.23910237,0.270471161
0.239145184,0.270487808
0.239187994,0.27050443
0.239230798,0.270521027
0.239273599,0.270537598
0.239316394,0.270554145
0.239359185,0.270570667
0.239401971,0.270587163
0.239444753,0.270603635
0.239487529,0.270620081
0.239530302,0.270636503
0.239573069,0.270652899
0.239615832,0.270669271
0.239658589,0.270685617
0.239701343,0.270701939
0.239744091,0.270718235
0.239786835,0.270734507
0.239829574,0.270750753
0.239872308,0.270766975
0.239915037,0.270783172
0.239957762,0.270799344
0.240000482,0.270815491
0.240043197,0.270831613
0.240085907,0.27084771
0.240128612,0.270863783
0.240171313,0.27087983
0.240214008,0.270895853
0.240256699,0.270911851
0.240299385,0.270927824
0.240342067,0.270943773
0.240384743,0.270959696
0.240427414,0.270975595
0.240470081,0.270991469
0.240512743,0.271007319
0.240555399,0.271023143
0.240598051,0.271038943
0.240640698,0.271054718
0.24068334,0.271070469
0.240725978,0.271086195
0.24076861,0.271101896
0.240811237,0.271117573
0.240853859,0.271133224
0.240896477,0.271148852
0.240939089,0.271164454
0.240981697,0.271180032
0.241024299,0.271195586
0.241066897,0.271211115
0.241109489,0.271226619
0.241152077,0.271242099
0.241194659,0.271257554
0.241237237,0.271272985
0.241279809,0.271288391
0.241322376,0.271303773
0.241364939,0.27131913
0.241407496,0.271334463
0.241450048,0.271349771
0.241492596,0.271365055
0.241535138,0.271380314
0.241577675,0.271395549
0.241620207,0.27141076
0.241662733,0.271425946
0.241705255,0.271441108
0.241747772,0.271456245
0.241790283,0.271471358
0.24183279,0.271486447
0.241875291,0.271501511
0.241917787,0.271516551
0.241960278,0.271531567
0.242002764,0.271546558
0.242045244,0.271561525
0.24208772,0.271576468
0.24213019,0.271591387
0.242172655,0.271606281
0.242215115,0.271621151
0.24225757,0.271635997
0.242300019,0.271650818
0.242342463,0.271665616
0.242384902,0.271680389
0.242427336,0.271695138
0.242469765,0.271709863
0.242512188,0.271724563
0.242554606,0.27173924
0.242597019,0.271753892
0.242639426,0.27176852
0.242681828,0.271783124
0.242724225,0.271797705
0.242766617,0.27181226
0.242809003,0.271826792
0.242851384,0.2718413
0.242893759,0.271855784
0.24293613,0.271870244
0.242978494,0.271884679
0.243020854,0.271899091
0.243063208,0.271913479
0.243105557,0.271927842
0.2431479,0.271942182
0.243190238,0.271956498
0.243232571,0.27197079
0.243274898,0.271985058
0.24331722,0.271999301
0.243359537,0.272013521
0.243401848,0.272027718
0.243444153,0.27204189
0.243486453,0.272056038
0.243528748,0.272070163
0.243571037,0.272084263
0.243613321,0.27209834
0.2436556,0.272112393
0.243697872,0.272126422
0.24374014,0.272140427
0.243782402,0.272154409
0.243824658,0.272168367
0.243866909,0.2721823
0.243909154,0.272196211
0.243951394,0.272210097
0.243993628,0.27222396
0.244035857,0.272237799
0.24407808,0.272251614
0.244120297,0.272265406
0.244162509,0.272279174
0.244204716,0.272292918
0.244246917,0.272306638
0.244289112,0.272320335
0.244331301,0.272334008
0.244373485,0.272347658
0.244415664,0.272361284
0.244457837,0.272374886
0.244500004,0.272388465
0.244542165,0.27240202
0.244584321,0.272415552
0.244626471,0.27242906
0.244668616,0.272442545
0.244710755,0.272456006
0.244752888,0.272469443
0.244795015,0.272482857
0.244837137,0.272496248
0.244879253,0.272509615
0.244921363,0.272522958
0.244963468,0.272536278
0.245005567,0.272549575
0.24504766,0.272562848
0.245089748,0.272576098
0.245131829,0.272589324
0.245173905,0.272602527
0.245215975,0.272615707
0.245258039,0.272628863
0.245300098,0.272641996
0.245342151,0.272655105
0.245384198,0.272668191
0.245426239,0.272681254
0.245468274,0.272694293
0.245510303,0.27270731
0.245552327,0.272720302
0.245594345,0.272733272
0.245636357,0.272746218
0.245678363,0.272759141
0.245720363,0.272772041
0.245762357,0.272784918
0.245804345,0.272797771
0.245846328,0.272810601
0.245888304,0.272823408
0.245930275,0.272836192
0.24597224,0.272848952
0.246014199,0.272861689
0.246056151,0.272874404
0.246098098,0.272887095
0.246140039,0.272899763
0.246181974,0.272912408
0.246223903,0.272925029
0.246265826,0.272937628
0.246307743,0.272950203
0.246349654,0.272962756
0.24639156,0.272975285
0.246433459,0.272987792
0.246475352,0.273000275
0.246517239,0.273012735
0.246559119,0.273025172
0.246600994,0.273037587
0.246642863,0.273049978
0.246684726,0.273062346
0.246726583,0.273074692
0.246768433,0.273087014
0.246810278,0.273099313
0.246852116,0.27311159
0.246893948,0.273123843
0.246935775,0.273136074
0.246977595,0.273148282
0.247019409,0.273160467
0.247061216,0.273172629
0.247103018,0.273184768
0.247144814,0.273196884
0.247186603,0.273208978
0.247228386,0.273221048
0.247270163,0.273233096
0.247311934,0.273245121
0.247353698,0.273257123
0.247395457,0.273269103
0.247437209,0.273281059
0.247478955,0.273292993
0.247520695,0.273304904
0.247562428,0.273316793
0.247604155,0.273328658
0.247645876,0.273340501
0.247687591,0.273352322
0.247729299,0.273364119
0.247771002,0.273375894
0.247812697,0.273387646
0.247854387,0.273399376
0.24789607,0.273411083
0.247937747,0.273422767
0.247979418,0.273434429
0.248021082,0.273446068
0.24806274,0.273457684
0.248104391,0.273469278
0.248146037,0.27348085
0.248187675,0.273492398
0.248229308,0.273503925
0.248270934,0.273515428
0.248312554,0.273526909
0.248354167,0.273538368
0.248395774,0.273549804
0.248437374,0.273561218
0.248478968,0.273572609
0.248520556,0.273583978
0.248562137,0.273595324
0.248603712,0.273606648
0.24864528,0.273617949
0.248686842,0.273629228
0.248728397,0.273640484
0.248769946,0.273651719
0.248811488,0.27366293
0.248853024,0.27367412
0.248894553,0.273685287
0.248936076,0.273696431
0.248977592,0.273707553
0.249019102,0.273718653
0.249060605,0.273729731
0.249102101,0.273740786
0.249143591,0.273751819
0.249185075,0.27376283
0.249226552,0.273773818
0.249268022,0.273784785
0.249309486,0.273795728
0.249350943,0.27380665
0.249392393,0.27381755
0.249433837,0.273828427
0.249475274,0.273839282
0.249516705,0.273850115
0.249558129,0.273860925
0.249599546,0.273871714
0.249640957,0.27388248
0.24968236,0.273893224
0.249723758,0.273903946
0.249765148,0.273914646
0.249806532,0.273925324
0.249847909,0.273935979
0.24988928,0.273946613
0.249930643,0.273957224
0.249972,0.273967814
0.25001335,0.273978381
0.250054694,0.273988926
0.250096031,0.27399945
0.25013736,0.274009951
0.250178684,0.27402043
0.25022,0.274030887
0.250261309,0.274041322
0.250302612,0.274051736
0.250343908,0.274062127
0.250385197,0.274072496
0.25042648,0.274082843
0.250467755,0.274093169
0.250509024,0.274103472
0.250550285,0.274113754
0.25059154,0.274124014
0.250632788,0.274134251
0.250674029,0.274144467
0.250715263,0.274154661
0.250756491,0.274164833
0.250797711,0.274174984
0.250838925,0.274185112
0.250880131,0.274195219
0.250921331,0.274205304
0.250962524,0.274215367
0.251003709,0.274225408
0.251044888,0.274235427
0.25108606,0.274245425
0.251127225,0.274255401
0.251168382,0.274265355
0.251209533,0.274275287
0.251250677,0.274285198
0.251291814,0.274295087
0.251332944,0.274304954
0.251374066,0.2743148
0.251415182,0.274324624
0.251456291,0.274334426
0.251497393,0.274344207
0.251538487,0.274353966
0.251579575,0.274363703
0.251620655,0.274373419
0.251661728,0.274383113
0.251702794,0.274392785
0.251743854,0.274402436
0.251784905,0.274412066
0.25182595,0.274421673
0.251866988,0.274431259
0.251908019,0.274440824
0.251949042,0.274450367
0.251990058,0.274459889
0.252031067,0.274469389
0.252072069,0.274478867
0.252113064,0.274488324
0.252154051,0.27449776
0.252195032,0.274507174
0.252236005,0.274516567
0.252276971,0.274525938
0.252317929,0.274535288
0.252358881,0.274544616
0.252399825,0.274553923
0.252440762,0.274563208
0.252481691,0.274572472
0.252522614,0.274581715
0.252563529,0.274590937
0.252604436,0.274600137
0.252645337,0.274609315
0.25268623,0.274618473
0.252727116,0.274627609
0.252767994,0.274636723
0.252808865,0.274645817
0.252849729,0.274654889
0.252890586,0.274663939
0.252931435,0.274672969
0.252972276,0.274681977
0.253013111,0.274690964
0.253053938,0.27469993
0.253094757,0.274708875
0.253135569,0.274717798
0.253176374,0.2747267
0.253217171,0.274735581
0.253257961,0.274744441
0.253298743,0.274753279
0.253339518,0.274762097
0.253380286,0.274770893
0.253421046,0.274779668
0.253461798,0.274788422
0.253502543,0.274797155
0.253543281,0.274805867
0.253584011,0.274814557
0.253624733,0.274823227
0.253665448,0.274831875
0.253706156,0.274840503
0.253746856,0.274849109
0.253787548,0.274857694
0.253828233,0.274866259
0.25386891,0.274874802
0.25390958,0.274883324
0.253950242,0.274891825
0.253990896,0.274900306
0.254031543,0.274908765
0.254072182,0.274917203
0.254112814,0.274925621
0.254153438,0.274934017
0.254194054,0.274942393
0.254234663,0.274950747
0.254275264,0.274959081
0.254315857,0.274967394
0.254356443,0.274975685
0.254397021,0.274983956
0.254437591,0.274992207
0.254478154,0.275000436
0.254518709,0.275008644
0.254559256,0.275016832
0.254599795,0.275024998
0.254640327,0.275033144
0.254680851,0.275041269
0.254721367,0.275049374
0.254761875,0.275057457
0.254802376,0.27506552
0.254842869,0.275073562
0.254883354,0.275081583
0.254923831,0.275089584
0.2549643,0.275097564
0.255004762,0.275105523
0.255045216,0.275113461
0.255085662,0.275121379
0.2551261,0.275129276
0.25516653,0.275137152
0.255206952,0.275145007
0.255247367,0.275152842
0.255287773,0.275160657
0.255328172,0.27516845
0.255368563,0.275176223
0.255408946,0.275183976
0.255449321,0.275191708
0.255489688,0.275199419
0.255530047,0.27520711
0.255570398,0.27521478
0.255610741,0.275222429
0.255651076,0.275230058
0.255691404,0.275237667
0.255731723,0.275245255
0.255772034,0.275252822
0.255812337,0.275260369
0.255852633,0.275267895
0.25589292,0.275275401
0.255933199,0.275282887
0.25597347,0.275290352
0.256013733,0.275297796
0.256053989,0.27530522
0.256094236,0.275312624
0.256134474,0.275320007
0.256174705,0.27532737
0.256214928,0.275334712
0.256255143,0.275342034
0.256295349,0.275349336
0.256335548,0.275356617
0.256375738,0.275363878
0.25641592,0.275371119
0.256456094,0.275378339
0.25649626,0.275385539
0.256536417,0.275392718
0.256576567,0.275399878
0.256616708,0.275407017
0.256656841,0.275414135
0.256696966,0.275421234
0.256737083,0.275428312
0.256777191,0.27543537
0.256817292,0.275442408
0.256857384,0.275449425
0.256897467,0.275456422
0.256937543,0.275463399
0.25697761,0.275470356
0.257017669,0.275477293
0.25705772,0.275484209
0.257097762,0.275491105
0.257137796,0.275497981
0.257177822,0.275504837
0.257217839,0.275511673
0.257257849,0.275518489
0.257297849,0.275525284
0.257337842,0.27553206
0.257377826,0.275538815
0.257417801,0.275545551
0.257457769,0.275552266
0.257497728,0.275558961
0.257537678,0.275565636
0.25757762,0.275572291
0.257617554,0.275578926
0.257657479,0.275585541
0.257697396,0.275592136
0.257737305,0.275598711
0.257777205,0.275605266
0.257817096,0.275611801
0.257856979,0.275618316
0.257896854,0.275624811
0.25793672,0.275631286
0.257976577,0.275637742
0.258016426,0.275644177
0.258056267,0.275650592
0.258096099,0.275656988
0.258135922,0.275663363
0.258175737,0.275669719
0.258215544,0.275676055
0.258255342,0.27568237
0.258295131,0.275688666
0.258334911,0.275694943
0.258374684,0.275701199
0.258414447,0.275707436
0.258454202,0.275713652
0.258493948,0.275719849
0.258533686,0.275726026
0.258573415,0.275732184
0.258613135,0.275738321
0.258652847,0.275744439
0.25869255,0.275750537
0.258732244,0.275756615
0.25877193,0.275762674
0.258811607,0.275768713
0.258851275,0.275774732
0.258890935,0.275780731
0.258930586,0.275786711
0.258970228,0.275792671
0.259009861,0.275798612
0.259049486,0.275804532
0.259089102,0.275810433
0.259128709,0.275816315
0.259168307,0.275822177
0.259207897,0.275828019
0.259247478,0.275833842
0.25928705,0.275839645
0.259326613,0.275845428
0.259366167,0.275851192
0.259405713,0.275856936
0.259445249,0.275862661
0.259484777,0.275868366
0.259524296,0.275874051
0.259563806,0.275879717
0.259603307,0.275885364
0.2596428,0.275890991
0.259682283,0.275896599
0.259721758,0.275902187
0.259761223,0.275907755
0.25980068,0.275913304
0.259840128,0.275918834
0.259879566,0.275924344
0.259918996,0.275929835
0.259958417,0.275935306
0.259997829,0.275940758
0.260037232,0.275946191
0.260076626,0.275951604
0.260116011,0.275956998
0.260155387,0.275962372
0.260194754,0.275967727
0.260234112,0.275973063
0.260273461,0.275978379
0.2603128,0.275983676
0.260352131,0.275988954
0.260391453,0.275994212
0.260430766,0.275999451
0.260470069,0.276004671
0.260509364,0.276009871
0.260548649,0.276015053
0.260587925,0.276020215
0.260627192,0.276025357
0.26066645,0.276030481
0.260705699,0.276035585
0.260744939,0.27604067
0.260784169,0.276045736
0.260823391,0.276050782
0.260862603,0.276055809
0.260901806,0.276060818
0.260941,0.276065807
0.260980184,0.276070776
0.26101936,0.276075727
0.261058526,0.276080659
0.261097683,0.276085571
0.26113683,0.276090464
0.261175969,0.276095339
0.261215098,0.276100194
0.261254218,0.27610503
0.261293328,0.276109847
0.26133243,0.276114644
0.261371522,0.276119423
0.261410605,0.276124183
0.261449678,0.276128924
0.261488742,0.276133645
0.261527797,0.276138348
0.261566842,0.276143031
0.261605878,0.276147696
0.261644905,0.276152342
0.261683922,0.276156968
0.26172293,0.276161576
0.261761928,0.276166164
0.261800918,0.276170734
0.261839897,0.276175285
0.261878868,0.276179817
0.261917828,0.27618433
0.26195678,0.276188824
0.261995722,0.276193299
0.262034654,0.276197755
0.262073577,0.276202192
0.262112491,0.276206611
0.262151395,0.276211011
0.262190289,0.276215391
0.262229174,0.276219753
0.26226805,0.276224096
0.262306916,0.27622842
0.262345772,0.276232726
0.262384619,0.276237013
0.262423456,0.27624128
0.262462284,0.276245529
0.262501102,0.27624976
0.262539911,0.276253971
0.26257871,0.276258164
0.262617499,0.276262338
0.262656279,0.276266493
0.262695049,0.27627063
0.26273381,0.276274748
0.262772561,0.276278847
0.262811302,0.276282927
0.262850034,0.276286989
0.262888756,0.276291032
0.262927468,0.276295056
0.262966171,0.276299062
0.263004863,0.276303049
0.263043547,0.276307018
0.26308222,0.276310968
0.263120884,0.276314899
0.263159538,0.276318811
0.263198182,0.276322705
0.263236816,0.276326581
0.263275441,0.276330438
0.263314056,0.276334276
0.263352661,0.276338096
0.263391256,0.276341897
0.263429842,0.27634568
0.263468418,0.276349444
0.263506984,0.276353189
0.26354554,0.276356916
0.263584086,0.276360625
0.263622622,0.276364315
0.263661149,0.276367987
0.263699665,0.27637164
0.263738172,0.276375275
0.263776669,0.276378891
0.263815156,0.276382489
0.263853633,0.276386068
0.2638921,0.276389629
0.263930558,0.276393171
0.263969005,0.276396696
0.264007442,0.276400201
0.26404587,0.276403689
0.264084287,0.276407158
0.264122694,0.276410608
0.264161092,0.276414041
0.264199479,0.276417454
0.264237857,0.27642085
0.264276224,0.276424227
0.264314582,0.276427586
0.264352929,0.276430927
0.264391266,0.276434249
0.264429594,0.276437553
0.264467911,0.276440839
0.264506218,0.276444107
0.264544515,0.276447356
0.264582802,0.276450587
0.264621079,0.2764538
0.264659346,0.276456994
0.264697602,0.276460171
0.264735849,0.276463329
0.264774085,0.276466469
0.264812311,0.27646959
0.264850527,0.276472694
0.264888733,0.276475779
0.264926929,0.276478847
0.264965115,0.276481896
0.26500329,0.276484927
0.265041455,0.27648794
0.26507961,0.276490934
0.265117755,0.276493911
0.265155889,0.276496869
0.265194013,0.27649981
0.265232127,0.276502732
0.265270231,0.276505636
0.265308324,0.276508522
0.265346407,0.276511391
0.26538448,0.276514241
0.265422543,0.276517073
0.265460595,0.276519887
0.265498637,0.276522683
0.265536668,0.276525461
0.26557469,0.276528221
0.265612701,0.276530963
0.265650701,0.276533687
0.265688691,0.276536393
0.265726671,0.276539081
0.26576464,0.276541751
0.265802599,0.276544403
0.265840548,0.276547037
0.265878486,0.276549654
0.265916414,0.276552252
0.265954331,0.276554833
0.265992238,0.276557395
0.266030134,0.27655994
0.26606802,0.276562467
0.266105895,0.276564976
0.26614376,0.276567467
0.266181615,0.276569941
0.266219458,0.276572396
0.266257292,0.276574834
0.266295115,0.276577254
0.266332927,0.276579656
0.266370729,0.27658204
0.26640852,0.276584406
0.266446301,0.276586755
0.266484071,0.276589086
0.26652183,0.276591399
0.266559579,0.276593695
0.266597318,0.276595972
0.266635045,0.276598232
0.266672762,0.276600474
0.266710469,0.276602699
0.266748165,0.276604906
0.26678585,0.276607095
0.266823524,0.276609266
0.266861188,0.27661142
0.266898841,0.276613556
0.266936483,0.276615675
0.266974115,0.276617775
0.267011736,0.276619858
0.267049347,0.276621924
0.267086946,0.276623972
0.267124535,0.276626002
0.267162113,0.276628015
0.26719968,0.27663001
0.267237237,0.276631987
0.267274783,0.276633947
0.267312318,0.27663589
0.267349842,0.276637815
0.267387355,0.276639722
0.267424858,0.276641612
0.267462349,0.276643484
0.26749983,0.276645339
0.2675373,0.276647176
0.26757476,0.276648996
0.267612208,0.276650798
0.267649645,0.276652583
0.267687072,0.27665435
0.267724488,0.2766561
0.267761892,0.276657832
0.267799286,0.276659547
0.267836669,0.276661245
0.267874041,0.276662925
0.267911402,0.276664587
0.267948752,0.276666233
0.267986091,0.27666786
0.268023419,0.276669471
0.268060736,0.276671064
0.268098043,0.27667264
0.268135338,0.276674198
0.268172622,0.276675739
0.268209895,0.276677263
0.268247157,0.276678769
0.268284408,0.276680258
0.268321648,0.27668173
0.268358877,0.276683185
0.268396095,0.276684622
0.268433302,0.276686042
0.268470497,0.276687444
0.268507682,0.27668883
0.268544855,0.276690198
0.268582018,0.276691548
0.268619169,0.276692882
0.268656309,0.276694198
0.268693438,0.276695498
0.268730556,0.27669678
0.268767662,0.276698044
0.268804758,0.276699292
0.268841842,0.276700522
0.268878915,0.276701735
0.268915977,0.276702931
0.268953027,0.27670411
0.268990067,0.276705272
0.269027095,0.276706417
0.269064112,0.276707544
0.269101117,0.276708655
0.269138112,0.276709748
0.269175095,0.276710824
0.269212067,0.276711883
0.269249027,0.276712925
0.269285976,0.27671395
0.269322914,0.276714958
0.269359841,0.276715949
0.269396756,0.276716922
0.26943366,0.276717879
0.269470552,0.276718819
0.269507433,0.276719741
0.269544303,0.276720647
0.269581161,0.276721536
0.269618008,0.276722408
0.269654844,0.276723262
0.269691668,0.2767241
0.269728481,0.276724921
0.269765282,0.276725725
0.269802072,0.276726511
0.26983885,0.276727281
0.269875617,0.276728034
0.269912373,0.276728771
0.269949116,0.27672949
0.269985849,0.276730192
0.27002257,0.276730877
0.270059279,0.276731546
0.270095977,0.276732198
0.270132664,0.276732832
0.270169338,0.27673345
0.270206002,0.276734052
0.270242654,0.276734636
0.270279294,0.276735203
0.270315922,0.276735754
0.270352539,0.276736288
0.270389145,0.276736805
0.270425738,0.276737305
0.27046232,0.276737788
0.270498891,0.276738255
0.27053545,0.276738705
0.270571997,0.276739138
0.270608533,0.276739555
0.270645056,0.276739954
0.270681569,0.276740337
0.270718069,0.276740704
0.270754558,0.276741053
0.270791035,0.276741386
0.2708275,0.276741702
0.270863954,0.276742002
0.270900396,0.276742284
0.270936826,0.276742551
0.270973244,0.2767428
0.271009651,0.276743033
0.271046046,0.276743249
0.271082429,0.276743449
0.2711188,0.276743632
0.27115516,0.276743798
0.271191507,0.276743948
0.271227843,0.276744081
0.271264167,0.276744198
0.271300479,0.276744298
0.271336779,0.276744381
0.271373068,0.276744448
0.271409344,0.276744498
0.271445609,0.276744532
0.271481861,0.276744549
0.271518102,0.27674455
0.271554331,0.276744534
0.271590548,0.276744502
0.271626753,0.276744453
0.271662946,0.276744388
0.271699127,0.276744306
0.271735296,0.276744208
0.271771453,0.276744094
0.271807598,0.276743963
0.271843732,0.276743815
0.271879853,0.276743651
0.271915962,0.276743471
0.271952059,0.276743274
0.271988144,0.276743061
0.272024217,0.276742831
0.272060278,0.276742585
0.272096327,0.276742323
0.272132364,0.276742044
0.272168388,0.276741749
0.272204401,0.276741438
0.272240402,0.27674111
0.27227639,0.276740766
0.272312366,0.276740405
0.27234833,0.276740029
0.272384282,0.276739636
0.272420222,0.276739226
0.27245615,0.276738801
0.272492065,0.276738359
0.272527969,0.2767379
0.27256386,0.276737426
0.272599739,0.276736935
0.272635605,0.276736428
0.27267146,0.276735905
0.272707302,0.276735366
0.272743132,0.27673481
0.27277895,0.276734238
0.272814755,0.27673365
0.272850548,0.276733046
0.272886329,0.276732426
0.272922098,0.276731789
0.272957854,0.276731136
0.272993598,0.276730467
0.27302933,0.276729782
0.273065049,0.276729081
0.273100756,0.276728364
0.273136451,0.27672763
0.273172133,0.276726881
0.273207803,0.276726115
0.27324346,0.276725333
0.273279106,0.276724535
0.273314738,0.276723722
0.273350359,0.276722892
0.273385966,0.276722045
0.273421562,0.276721183
0.273457145,0.276720305
0.273492715,0.276719411
0.273528273,0.276718501
0.273563819,0.276717575
0.273599352,0.276716632
0.273634873,0.276715674
0.273670381,0.2767147
0.273705876,0.27671371
0.273741359,0.276712703
0.27377683,0.276711681
0.273812288,0.276710643
0.273847733,0.276709589
0.273883166,0.276708519
0.273918587,0.276707433
0.273953994,0.276706331
0.273989389,0.276705214
0.274024772,0.27670408
0.274060142,0.27670293
0.274095499,0.276701765
0.274130844,0.276700583
0.274166176,0.276699386
0.274201495,0.276698173
0.274236802,0.276696944
0.274272096,0.2766957
0.274307377,0.276694439
0.274342646,0.276693163
0.274377902,0.27669187
0.274413145,0.276690562
0.274448375,0.276689238
0.274483593,0.276687899
0.274518798,0.276686543
0.274553991,0.276685172
0.27458917,0.276683785
0.274624337,0.276682382
0.274659491,0.276680964
0.274694632,0.27667953
0.27472976,0.27667808
0.274764876,0.276676614
0.274799979,0.276675133
0.274835068,0.276673636
0.274870145,0.276672123
0.27490521,0.276670594
0.274940261,0.27666905
0.2749753,0.27666749
0.275010325,0.276665915
0.275045338,0.276664324
0.275080338,0.276662717
0.275115324,0.276661094
0.275150298,0.276659456
0.275185259,0.276657803
0.275220208,0.276656133
0.275255143,0.276654449
0.275290065,0.276652748
0.275324974,0.276651032
0.27535987,0.2766493
0.275394753,0.276647553
0.275429624,0.27664579
0.275464481,0.276644012
0.275499325,0.276642218
0.275534156,0.276640409
0.275568974,0.276638584
0.275603779,0.276636743
0.275638571,0.276634887
0.27567335,0.276633016
0.275708116,0.276631129
0.275742869,0.276629226
0.275777609,0.276627308
0.275812335,0.276625375
0.275847049,0.276623426
0.275881749,0.276621462
0.275916436,0.276619482
0.27595111,0.276617487
0.275985771,0.276615476
0.276020419,0.27661345
0.276055053,0.276611409
0.276089675,0.276609352
0.276124283,0.27660728
0.276158878,0.276605192
0.276193459,0.276603089
0.276228028,0.276600971
0.276262583,0.276598837
0.276297125,0.276596688
0.276331654,0.276594523
0.276366169,0.276592344
0.276400671,0.276590149
0.27643516,0.276587938
0.276469636,0.276585713
0.276504098,0.276583472
0.276538547,0.276581215
0.276572982,0.276578944
0.276607405,0.276576657
0.276641813,0.276574355
0.276676209,0.276572037
0.276710591,0.276569705
0.27674496,0.276567357
0.276779315,0.276564994
0.276813657,0.276562616
0.276847986,0.276560222
0.276882301,0.276557813
0.276916603,0.276555389
0.276950891,0.27655295
0.276985166,0.276550496
0.277019428,0.276548026
0.277053675,0.276545542
0.27708791,0.276543042
0.277122131,0.276540527
0.277156338,0.276537997
0.277190532,0.276535452
0.277224713,0.276532891
0.27725888,0.276530316
0.277293033,0.276527725
0.277327173,0.27652512
0.277361299,0.276522499
0.277395412,0.276519863
0.277429511,0.276517212
0.277463596,0.276514546
0.277497668,0.276511865
0.277531727,0.276509169
0.277565771,0.276506458
0.277599802,0.276503732
0.27763382,0.276500991
0.277667824,0.276498234
0.277701814,0.276495463
0.27773579,0.276492677
0.277769753,0.276489876
0.277803702,0.27648706
0.277837637,0.276484229
0.277871559,0.276481382
0.277905467,0.276478521
0.277939361,0.276475645
0.277973242,0.276472754
0.278007109,0.276469848
0.278040962,0.276466928
0.278074801,0.276463992
0.278108626,0.276461041
0.278142438,0.276458076
0.278176236,0.276455095
0.27821002,0.2764521
0.27824379,0.27644909
0.278277546,0.276446065
0.278311289,0.276443025
0.278345018,0.27643997
0.278378733,0.2764369
0.278412434,0.276433816
0.278446121,0.276430717
0.278479794,0.276427602
0.278513453,0.276424474
0.278547099,0.27642133
0.27858073,0.276418171
0.278614348,0.276414998
0.278647951,0.27641181
0.278681541,0.276408607
0.278715117,0.27640539
0.278748679,0.276402157
0.278782226,0.27639891
0.27881576,0.276395648
0.27884928,0.276392372
0.278882786,0.27638908
0.278916278,0.276385774
0.278949755,0.276382454
0.278983219,0.276379118
0.279016669,0.276375768
0.279050104,0.276372403
0.279083526,0.276369024
0.279116933,0.27636563
0.279150327,0.276362221
0.279183706,0.276358798
0.279217071,0.27635536
0.279250422,0.276351907
0.279283759,0.27634844
0.279317082,0.276344958
0.279350391,0.276341461
0.279383685,0.27633795
0.279416966,0.276334424
0.279450232,0.276330884
0.279483484,0.276327329
0.279516722,0.27632376
0.279549945,0.276320176
0.279583155,0.276316577
0.27961635,0.276312964
0.279649531,0.276309337
0.279682697,0.276305694
0.27971585,0.276302038
0.279748988,0.276298367
0.279782112,0.276294681
0.279815221,0.276290981
0.279848317,0.276287266
0.279881398,0.276283537
0.279914464,0.276279793
0.279947517,0.276276035
0.279980555,0.276272263
0.280013578,0.276268476
0.280046588,0.276264675
0.280079583,0.276260859
0.280112563,0.276257028
0.280145529,0.276253184
0.280178481,0.276249325
0.280211418,0.276245451
0.280244341,0.276241563
0.28027725,0.276237661
0.280310144,0.276233745
0.280343024,0.276229814
0.280375889,0.276225868
0.28040874,0.276221909
0.280441576,0.276217935
0.280474398,0.276213946
0.280507205,0.276209944
0.280539998,0.276205927
0.280572776,0.276201895
0.28060554,0.27619785
0.280638289,0.27619379
0.280671024,0.276189716
0.280703744,0.276185627
0.28073645,0.276181524
0.280769141,0.276177407
0.280801817,0.276173276
0.280834479,0.276169131
0.280867126,0.276164971
0.280899759,0.276160797
0.280932377,0.276156609
0.28096498,0.276152406
0.280997569,0.27614819
0.281030143,0.276143959
0.281062702,0.276139714
0.281095247,0.276135455
0.281127777,0.276131181
0.281160292,0.276126894
0.281192793,0.276122592
0.281225279,0.276118276
0.28125775,0.276113946
0.281290207,0.276109602
0.281322648,0.276105244
0.281355075,0.276100872
0.281387488,0.276096485
0.281419885,0.276092085
0.281452268,0.27608767
0.281484636,0.276083241
0.281516989,0.276078798
0.281549327,0.276074341
0.281581651,0.27606987
0.281613959,0.276065385
0.281646253,0.276060886
0.281678532,0.276056373
0.281710796,0.276051846
0.281743045,0.276047305
0.28177528,0.27604275
0.281807499,0.276038181
0.281839704,0.276033597
0.281871893,0.276029
0.281904068,0.276024389
0.281936228,0.276019764
0.281968373,0.276015125
0.282000503,0.276010472
0.282032618,0.276005805
0.282064718,0.276001124
0.282096803,0.275996429
0.282128873,0.27599172
0.282160928,0.275986997
0.282192968,0.27598226
0.282224993,0.27597751
0.282257003,0.275972745
0.282288998,0.275967967
0.282320978,0.275963174
0.282352942,0.275958368
0.282384892,0.275953548
0.282416827,0.275948714
0.282448746,0.275943867
0.282480651,0.275939005
0.28251254,0.27593413
0.282544415,0.27592924
0.282576274,0.275924337
0.282608118,0.27591942
0.282639947,0.27591449
0.28267176,0.275909545
0.282703559,0.275904587
0.282735342,0.275899615
0.282767111,0.275894629
0.282798864,0.275889629
0.282830601,0.275884616
0.282862324,0.275879589
0.282894031,0.275874548
0.282925724,0.275869493
0.2829574,0.275864425
0.282989062,0.275859343
0.283020708,0.275854247
0.28305234,0.275849138
0.283083955,0.275844015
0.283115556,0.275838878
0.283147141,0.275833727
0.283178711,0.275828563
0.283210266,0.275823385
0.283241805,0.275818193
0.283273329,0.275812988
0.283304837,0.275807769
0.283336331,0.275802537
0.283367808,0.275797291
0.283399271,0.275792031
0.283430718,0.275786758
0.28346215,0.275781471
0.283493566,0.27577617
0.283524967,0.275770856
0.283556352,0.275765528
0.283587722,0.275760187
0.283619077,0.275754832
0.283650416,0.275749464
0.283681739,0.275744082
0.283713047,0.275738686
0.28374434,0.275733277
0.283775617,0.275727854
0.283806879,0.275722418
0.283838125,0.275716969
0.283869355,0.275711506
0.28390057,0.275706029
0.28393177,0.275700539
0.283962954,0.275695035
0.283994122,0.275689518
0.284025275,0.275683987
0.284056412,0.275678443
0.284087534,0.275672886
0.28411864,0.275667315
0.28414973,0.275661731
0.284180805,0.275656133
0.284211864,0.275650522
0.284242907,0.275644897
0.284273935,0.275639259
0.284304947,0.275633608
0.284335944,0.275627943
0.284366925,0.275622264
0.28439789,0.275616573
0.284428839,0.275610868
0.284459773,0.27560515
0.284490691,0.275599418
0.284521593,0.275593673
0.28455248,0.275587914
0.28458335,0.275582143
0.284614205,0.275576358
0.284645044,0.275570559
0.284675868,0.275564748
0.284706675,0.275558923
0.284737467,0.275553084
0.284768243,0.275547233
0.284799003,0.275541368
0.284829748,0.27553549
0.284860476,0.275529599
0.284891189,0.275523694
0.284921886,0.275517776
0.284952567,0.275511845
0.284983232,0.275505901
0.285013881,0.275499943
0.285044514,0.275493972
0.285075132,0.275487988
0.285105733,0.275481991
0.285136319,0.275475981
0.285166888,0.275469957
0.285197442,0.27546392
0.28522798,0.27545787
0.285258501,0.275451807
0.285289007,0.275445731
0.285319497,0.275439641
0.285349971,0.275433539
0.285380428,0.275427423
0.28541087,0.275421294
0.285441296,0.275415152
0.285471706,0.275408997
0.285502099,0.275402829
0.285532477,0.275396648
0.285562838,0.275390453
0.285593184,0.275384246
0.285623513,0.275378025
0.285653827,0.275371792
0.285684124,0.275365545
0.285714405,0.275359285
0.28574467,0.275353012
0.285774919,0.275346727
0.285805151,0.275340428
0.285835368,0.275334116
0.285865568,0.275327791
0.285895752,0.275321453
0.28592592,0.275315102
0.285956072,0.275308738
0.285986208,0.275302361
0.286016327,0.275295971
0.286046431,0.275289568
0.286076517,0.275283153
0.286106588,0.275276724
0.286136643,0.275270282
0.286166681,0.275263827
0.286196703,0.27525736
0.286226709,0.275250879
0.286256698,0.275244386
0.286286671,0.275237879
0.286316628,0.27523136
0.286346569,0.275224828
0.286376493,0.275218283
0.286406401,0.275211725
0.286436292,0.275205154
0.286466167,0.27519857
0.286496026,0.275191974
0.286525869,0.275185364
0.286555695,0.275178742
0.286585504,0.275172107
0.286615298,0.275165459
0.286645074,0.275158798
0.286674835,0.275152124
0.286704579,0.275145438
0.286734306,0.275138739
0.286764017,0.275132027
0.286793712,0.275125302
0.28682339,0.275118564
0.286853052,0.275111814
0.286882697,0.275105051
0.286912326,0.275098275
0.286941938,0.275091486
0.286971534,0.275084685
0.287001113,0.27507787
0.287030676,0.275071043
0.287060222,0.275064204
0.287089751,0.275057352
0.287119264,0.275050486
0.287148761,0.275043609
0.287178241,0.275036718
0.287207704,0.275029815
0.287237151,0.275022899
0.287266581,0.275015971
0.287295994,0.27500903
0.287325391,0.275002076
0.287354771,0.274995109
0.287384135,0.27498813
0.287413481,0.274981139
0.287442812,0.274974134
0.287472125,0.274967117
0.287501422,0.274960088
0.287530702,0.274953045
0.287559965,0.274945991
0.287589212,0.274938923
0.287618442,0.274931843
0.287647655,0.27492475
0.287676852,0.274917645
0.287706032,0.274910528
0.287735195,0.274903397
0.287764341,0.274896254
0.28779347,0.274889099
0.287822583,0.274881931
0.287851679,0.274874751
0.287880758,0.274867558
0.28790982,0.274860352
0.287938865,0.274853134
0.287967894,0.274845904
0.287996905,0.274838661
0.2880259,0.274831405
0.288054878,0.274824137
0.288083839,0.274816857
0.288112784,0.274809564
0.288141711,0.274802259
0.288170621,0.274794941
0.288199515,0.274787611
0.288228391,0.274780268
0.288257251,0.274772913
0.288286094,0.274765545
0.288314919,0.274758165
0.288343728,0.274750773
0.28837252,0.274743368
0.288401295,0.274735951
0.288430053,0.274728522
0.288458793,0.27472108
0.288487517,0.274713625
0.288516224,0.274706159
0.288544914,0.27469868
0.288573587,0.274691188
0.288602242,0.274683685
0.288630881,0.274676169
0.288659503,0.27466864
0.288688107,0.2746611
0.288716694,0.274653547
0.288745265,0.274645981
0.288773818,0.274638404
0.288802354,0.274630814
0.288830873,0.274623212
0.288859375,0.274615597
0.28888786,0.27460797
0.288916327,0.274600331
0.288944778,0.27459268
0.288973211,0.274585017
0.289001627,0.274577341
0.289030026,0.274569653
0.289058408,0.274561953
0.289086772,0.27455424
0.289115119,0.274546515
0.289143449,0.274538779
0.289171762,0.274531029
0.289200058,0.274523268
0.289228336,0.274515495
0.289256597,0.274507709
0.289284841,0.274499911
0.289313067,0.274492101
0.289341277,0.274484279
0.289369469,0.274476445
0.289397643,0.274468598
0.2894258,0.27446074
0.28945394,0.274452869
0.289482063,0.274444986
0.289510168,0.274437091
0.289538256,0.274429184
0.289566327,0.274421265
0.28959438,0.274413334
0.289622416,0.27440539
0.289650434,0.274397435
0.289678435,0.274389467
0.289706419,0.274381488
0.289734385,0.274373496
0.289762334,0.274365493
0.289790265,0.274357477
0.289818179,0.274349449
0.289846075,0.274341409
0.289873954,0.274333357
0.289901816,0.274325293
0.28992966,0.274317218
0.289957486,0.27430913
0.289985295,0.27430103
0.290013087,0.274292918
0.290040861,0.274284794
0.290068617,0.274276658
0.290096356,0.27426851
0.290124077,0.274260351
0.290151781,0.274252179
0.290179467,0.274243995
0.290207136,0.2742358
0.290234787,0.274227592
0.29026242,0.274219373
0.290290036,0.274211141
0.290317635,0.274202898
0.290345215,0.274194643
0.290372778,0.274186375
0.290400323,0.274178096
0.290427851,0.274169806
0.290455361,0.274161503
0.290482854,0.274153188
0.290510328,0.274144861
0.290537785,0.274136523
0.290565224,0.274128173
0.290592646,0.274119811
0.29062005,0.274111437
0.290647436,0.274103051
0.290674805,0.274094653
0.290702155,0.274086244
0.290729488,0.274077823
0.290756803,0.27406939
0.290784101,0.274060945
0.29081138,0.274052488
0.290838642,0.27404402
0.290865886,0.27403554
0.290893112,0.274027048
0.290920321,0.274018544
0.290947511,0.274010029
0.290974684,0.274001501
0.291001839,0.273992962
0.291028976,0.273984412
0.291056095,0.273975849
0.291083197,0.273967275
0.29111028,0.273958689
0.291137346,0.273950092
0.291164393,0.273941482
0.291191423,0.273932861
0.291218435,0.273924229
0.291245429,0.273915584
0.291272405,0.273906928
0.291299363,0.273898261
0.291326303,0.273889581
0.291353225,0.27388089
0.291380129,0.273872188
0.291407016,0.273863473
0.291433884,0.273854747
0.291460734,0.27384601
0.291487566,0.273837261
0.29151438,0.2738285
0.291541177,0.273819728
0.291567955,0.273810944
0.291594715,0.273802148
0.291621457,0.273793341
0.291648181,0.273784522
0.291674887,0.273775692
0.291701575,0.27376685
0.291728244,0.273757996
0.291754896,0.273749131
0.29178153,0.273740255
0.291808145,0.273731367
0.291834742,0.273722467
0.291861321,0.273713556
0.291887882,0.273704633
0.291914425,0.273695699
0.29194095,0.273686753
0.291967457,0.273677796
0.291993945,0.273668827
0.292020415,0.273659847
0.292046867,0.273650856
0.292073301,0.273641853
0.292099717,0.273632838
0.292126114,0.273623812
0.292152493,0.273614774
0.292178854,0.273605726
0.292205197,0.273596665
0.292231521,0.273587593
0.292257827,0.27357851
0.292284115,0.273569416
0.292310385,0.273560309
0.292336636,0.273551192
0.292362869,0.273542063
0.292389084,0.273532923
0.29241528,0.273523771
0.292441458,0.273514608
0.292467618,0.273505434
0.292493759,0.273496248
0.292519882,0.273487051
0.292545987,0.273477843
0.292572073,0.273468623
0.292598141,0.273459392
0.29262419,0.273450149
0.292650221,0.273440895
0.292676234,0.27343163
0.292702228,0.273422354
0.292728204,0.273413066
0.292754161,0.273403767
0.2927801,0.273394457
0.292806021,0.273385135
0.292831923,0.273375802
0.292857807,0.273366458
0.292883672,0.273357103
0.292909518,0.273347736
0.292935346,0.273338358
0.292961156,0.273328969
0.292986947,0.273319569
0.29301272,0.273310157
0.293038474,0.273300734
0.293064209,0.2732913
0.293089926,0.273281855
0.293115624,0.273272398
0.293141304,0.273262931
0.293166966,0.273253452
0.293192608,0.273243962
0.293218232,0.273234461
0.293243838,0.273224948
0.293269425,0.273215425
0.293294993,0.27320589
0.293320543,0.273196344
0.293346074,0.273186787
0.293371586,0.273177219
0.29339708,0.27316764
0.293422555,0.273158049
0.293448011,0.273148448
0.293473449,0.273138835
0.293498868,0.273129211
0.293524268,0.273119576
0.29354965,0.27310993
0.293575012,0.273100273
0.293600357,0.273090605
0.293625682,0.273080926
0.293650989,0.273071236
0.293676277,0.273061534
0.293701546,0.273051822
0.293726796,0.273042099
0.293752028,0.273032364
0.293777241,0.273022619
0.293802435,0.273012862
0.29382761,0.273003095
0.293852766,0.272993316
0.293877904,0.272983527
0.293903023,0.272973726
0.293928123,0.272963914
0.293953204,0.272954092
0.293978266,0.272944258
0.29400331,0.272934414
0.294028334,0.272924558
0.29405334,0.272914692
0.294078327,0.272904815
0.294103295,0.272894926
0.294128244,0.272885027
0.294153174,0.272875117
0.294178085,0.272865196
0.294202977,0.272855264
0.29422785,0.272845321
0.294252705,0.272835367
0.29427754,0.272825402
0.294302357,0.272815426
0.294327154,0.27280544
0.294351932,0.272795442
0.294376692,0.272785434
0.294401432,0.272775415
0.294426154,0.272765384
0.294450856,0.272755344
0.29447554,0.272745292
0.294500204,0.272735229
0.29452485,0.272725156
0.294549476,0.272715071
0.294574083,0.272704976
0.294598671,0.27269487
0.294623241,0.272684753
0.294647791,0.272674626
0.294672322,0.272664488
0.294696833,0.272654338
0.294721326,0.272644178
0.2947458,0.272634008
0.294770254,0.272623826
0.29479469,0.272613634
0.294819106,0.272603431
0.294843503,0.272593217
0.294867881,0.272582993
0.29489224,0.272572757
0.294916579,0.272562511
0.2949409,0.272552255
0.294965201,0.272541987
0.294989483,0.272531709
0.295013746,0.27252142
0.295037989,0.27251112
0.295062214,0.27250081
0.295086419,0.272490489
0.295110605,0.272480157
0.295134771,0.272469815
0.295158919,0.272459462
0.295183047,0.272449098
0.295207156,0.272438724
0.295231245,0.272428339
0.295255316,0.272417943
0.295279367,0.272407537
0.295303398,0.27239712
0.295327411,0.272386693
0.295351404,0.272376254
0.295375377,0.272365806
0.295399332,0.272355346
0.295423267,0.272344876
0.295447182,0.272334396
0.295471079,0.272323905
0.295494955,0.272313403
0.295518813,0.27230289
0.295542651,0.272292368
0.29556647,0.272281834
0.295590269,0.27227129
0.295614049,0.272260735
0.29563781,0.27225017
0.295661551,0.272239595
0.295685272,0.272229008
0.295708974,0.272218412
0.295732657,0.272207804
0.29575632,0.272197187
0.295779964,0.272186558
0.295803588,0.27217592
0.295827193,0.27216527
0.295850778,0.272154611
0.295874344,0.27214394
0.295897891,0.27213326
0.295921417,0.272122569
0.295944925,0.272111867
0.295968412,0.272101155
0.29599188,0.272090432
0.296015329,0.272079699
0.296038758,0.272068956
0.296062168,0.272058202
0.296085557,0.272047438
0.296108928,0.272036663
0.296132278,0.272025878
0.29615561,0.272015082
0.296178921,0.272004277
0.296202213,0.27199346
0.296225485,0.271982634
0.296248738,0.271971796
0.296271971,0.271960949
0.296295184,0.271950091
0.296318378,0.271939223
0.296341552,0.271928344
0.296364706,0.271917456
0.296387841,0.271906556
0.296410956,0.271895647
0.296434051,0.271884727
0.296457126,0.271873797
0.296480182,0.271862856
0.296503218,0.271851905
0.296526235,0.271840944
0.296549231,0.271829973
0.296572208,0.271818991
0.296595165,0.271807999
0.296618103,0.271796996
0.29664102,0.271785984
0.296663918,0.271774961
0.296686796,0.271763928
0.296709654,0.271752884
0.296732493,0.271741831
0.296755311,0.271730767
0.29677811,0.271719693
0.296800889,0.271708608
0.296823648,0.271697514
0.296846387,0.271686409
0.296869107,0.271675294
0.296891807,0.271664169
0.296914486,0.271653033
0.296937146,0.271641888
0.296959786,0.271630732
0.296982406,0.271619566
0.297005006,0.27160839
0.297027587,0.271597203
0.297050147,0.271586007
0.297072687,0.2715748
0.297095208,0.271563583
0.297117708,0.271552356
0.297140189,0.271541119
0.29716265,0.271529872
0.29718509,0.271518615
0.297207511,0.271507347
0.297229912,0.27149607
0.297252293,0.271484782
0.297274654,0.271473484
0.297296994,0.271462176
0.297319315,0.271450858
0.297341616,0.27143953
0.297363897,0.271428192
0.297386157,0.271416844
0.297408398,0.271405485
0.297430619,0.271394117
0.297452819,0.271382739
0.297475,0.27137135
0.29749716,0.271359952
0.297519301,0.271348543
0.297541421,0.271337125
0.297563521,0.271325696
0.297585601,0.271314257
0.297607661,0.271302809
0.297629701,0.27129135
0.297651721,0.271279881
0.297673721,0.271268403
0.2976957,0.271256914
0.297717659,0.271245416
0.297739599,0.271233907
0.297761518,0.271222389
0.297783417,0.27121086
0.297805295,0.271199322
0.297827154,0.271187773
0.297848992,0.271176215
0.29787081,0.271164647
0.297892608,0.271153068
0.297914386,0.27114148
0.297936143,0.271129882
0.297957881,0.271118274
0.297979598,0.271106656
0.298001294,0.271095029
0.298022971,0.271083391
0.298044627,0.271071743
0.298066263,0.271060086
0.298087879,0.271048419
0.298109474,0.271036741
0.29813105,0.271025054
0.298152604,0.271013357
0.298174139,0.271001651
0.298195653,0.270989934
0.298217147,0.270978208
0.298238621,0.270966471
0.298260074,0.270954725
0.298281507,0.270942969
0.29830292,0.270931203
0.298324312,0.270919428
0.298345684,0.270907642
0.298367035,0.270895847
0.298388366,0.270884042
0.298409677,0.270872227
0.298430967,0.270860403
0.298452237,0.270848569
0.298473487,0.270836724
0.298494716,0.270824871
0.298515925,0.270813007
0.298537113,0.270801134
0.298558281,0.27078925
0.298579428,0.270777358
0.298600555,0.270765455
0.298621661,0.270753543
0.298642747,0.270741621
0.298663813,0.270729689
0.298684858,0.270717747
0.298705882,0.270705796
0.298726887,0.270693835
0.29874787,0.270681865
0.298768833,0.270669885
0.298789776,0.270657895
0.298810698,0.270645895
0.298831599,0.270633886
0.29885248,0.270621867
0.29887334,0.270609838
0.29889418,0.2705978
0.298915,0.270585752
0.298935798,0.270573695
0.298956576,0.270561627
0.298977334,0.270549551
0.298998071,0.270537464
0.299018787,0.270525368
0.299039483,0.270513263
0.299060158,0.270501147
0.299080813,0.270489022
0.299101447,0.270476888
0.29912206,0.270464744
0.299142652,0.27045259
0.299163224,0.270440427
0.299183776,0.270428255
0.299204306,0.270416072
0.299224816,0.27040388
0.299245306,0.270391679
0.299265774,0.270379468
0.299286222,0.270367248
0.29930665,0.270355018
0.299327056,0.270342778
0.299347442,0.270330529
0.299367807,0.27031827
0.299388151,0.270306002
0.299408475,0.270293725
0.299428778,0.270281438
0.29944906,0.270269141
0.299469322,0.270256835
0.299489562,0.270244519
0.299509782,0.270232194
0.299529981,0.27021986
0.29955016,0.270207516
0.299570317,0.270195163
0.299590454,0.2701828
0.29961057,0.270170427
0.299630665,0.270158046
0.299650739,0.270145655
0.299670793,0.270133254
0.299690826,0.270120844
0.299710837,0.270108425
0.299730828,0.270095996
0.299750799,0.270083557
0.299770748,0.27007111
0.299790676,0.270058653
0.299810584,0.270046186
0.29983047,0.270033711
0.299850336,0.270021225
0.299870181,0.270008731
0.299890005,0.269996227
0.299909808,0.269983714
0.29992959,0.269971191
0.299949352,0.269958659
0.299969092,0.269946118
0.299988811,0.269933567
0.30000851,0.269921007
0.300028187,0.269908438
0.300047844,0.269895859
0.30006748,0.269883271
0.300087094,0.269870674
0.300106688,0.269858068
0.300126261,0.269845452
0.300145812,0.269832827
0.300165343,0.269820192
0.300184853,0.269807549
0.300204341,0.269794896
0.300223809,0.269782233
0.300243256,0.269769562
0.300262681,0.269756881
0.300282086,0.269744191
0.30030147,0.269731492
0.300320832,0.269718784
0.300340174,0.269706066
0.300359494,0.269693339
0.300378793,0.269680603
0.300398072,0.269667858
0.300417329,0.269655103
0.300436565,0.269642339
0.30045578,0.269629566
0.300474974,0.269616784
0.300494147,0.269603993
0.300513298,0.269591193
0.300532429,0.269578383
0.300551538,0.269565564
0.300570626,0.269552736
0.300589694,0.269539899
0.30060874,0.269527053
0.300627765,0.269514197
0.300646768,0.269501333
0.300665751,0.269488459
0.300684712,0.269475576
0.300703652,0.269462684
0.300722571,0.269449783
0.300741469,0.269436873
0.300760346,0.269423954
0.300779201,0.269411025
0.300798035,0.269398088
0.300816848,0.269385141
0.30083564,0.269372185
0.300854411,0.269359221
0.30087316,0.269346247
0.300891888,0.269333264
0.300910595,0.269320272
0.30092928,0.269307271
0.300947945,0.269294261
0.300966588,0.269281242
0.300985209,0.269268214
0.30100381,0.269255177
0.301022389,0.269242131
0.301040947,0.269229076
0.301059484,0.269216011
0.301077999,0.269202938
0.301096493,0.269189856
0.301114965,0.269176765
0.301133417,0.269163665
0.301151847,0.269150555
0.301170255,0.269137437
0.301188643,0.26912431
0.301207009,0.269111174
0.301225353,0.269098029
0.301243677,0.269084875
0.301261978,0.269071712
0.301280259,0.26905854
0.301298518,0.269045359
0.301316756,0.269032169
0.301334972,0.269018971
0.301353167,0.269005763
0.301371341,0.268992546
0.301389493,0.268979321
0.301407623,0.268966087
0.301425733,0.268952843
0.301443821,0.268939591
0.301461887,0.26892633
0.301479932,0.26891306
0.301497955,0.268899781
0.301515957,0.268886493
0.301533938,0.268873197
0.301551897,0.268859891
0.301569835,0.268846577
0.301587751,0.268833254
0.301605646,0.268819922
0.301623519,0.268806581
0.301641371,0.268793231
0.301659201,0.268779873
0.30167701,0.268766506
0.301694797,0.268753129
0.301712562,0.268739744
0.301730307,0.268726351
0.301748029,0.268712948
0.30176573,0.268699537
0.30178341,0.268686117
0.301801068,0.268672688
0.301818704,0.26865925
0.301836319,0.268645804
0.301853912,0.268632348
0.301871484,0.268618884
0.301889034,0.268605411
0.301906563,0.26859193
0.30192407,0.26857844
0.301941555,0.268564941
0.301959019,0.268551433
0.301976461,0.268537916
0.301993881,0.268524391
0.30201128,0.268510857
0.302028658,0.268497315
0.302046013,0.268483763
0.302063347,0.268470203
0.30208066,0.268456635
0.30209795,0.268443057
0.302115219,0.268429471
0.302132467,0.268415876
0.302149692,0.268402273
0.302166896,0.268388661
0.302184079,0.26837504
0.30220124,0.26836141
0.302218378,0.268347772
0.302235496,0.268334126
0.302252591,0.26832047
0.302269665,0.268306806
0.302286717,0.268293133
0.302303748,0.268279452
0.302320757,0.268265762
0.302337744,0.268252064
0.302354709,0.268238357
0.302371652,0.268224641
0.302388574,0.268210917
0.302405474,0.268197184
0.302422353,0.268183442
0.302439209,0.268169692
0.302456044,0.268155933
0.302472857,0.268142166
0.302489648,0.26812839
0.302506417,0.268114606
0.302523165,0.268100813
0.302539891,0.268087012
0.302556595,0.268073202
0.302573277,0.268059383
0.302589937,0.268045556
0.302606576,0.26803172
0.302623193,0.268017876
0.302639788,0.268004024
0.302656361,0.267990162
0.302672912,0.267976293
0.302689441,0.267962415
0.302705949,0.267948528
0.302722435,0.267934633
0.302738898,0.267920729
0.30275534,0.267906817
0.302771761,0.267892897
0.302788159,0.267878968
0.302804535,0.26786503
0.30282089,0.267851084
0.302837222,0.26783713
0.302853533,0.267823167
0.302869821,0.267809196
0.302886088,0.267795216
0.302902333,0.267781228
0.302918556,0.267767231
0.302934757,0.267753226
0.302950936,0.267739213
0.302967094,0.267725191
0.302983229,0.267711161
0.302999342,0.267697122
0.303015434,0.267683075
0.303031503,0.26766902
0.30304755,0.267654956
0.303063576,0.267640884
0.303079579,0.267626803
0.303095561,0.267612714
0.303111521,0.267598617
0.303127458,0.267584511
0.303143374,0.267570397
0.303159267,0.267556275
0.303175139,0.267542145
0.303190988,0.267528006
0.303206816,0.267513858
0.303222621,0.267499703
0.303238405,0.267485539
0.303254166,0.267471366
0.303269906,0.267457186
0.303285623,0.267442997
0.303301319,0.2674288
0.303316992,0.267414594
0.303332643,0.267400381
0.303348272,0.267386159
0.30336388,0.267371928
0.303379465,0.26735769
0.303395028,0.267343443
0.303410568,0.267329188
0.303426087,0.267314925
0.303441584,0.267300653
0.303457059,0.267286373
0.303472511,0.267272085
0.303487942,0.267257789
0.30350335,0.267243485
0.303518736,0.267229172
0.3035341,0.267214851
0.303549442,0.267200522
0.303564762,0.267186184
0.30358006,0.267171839
0.303595336,0.267157485
0.303610589,0.267143123
0.30362582,0.267128753
0.30364103,0.267114375
0.303656217,0.267099988
0.303671381,0.267085594
0.303686524,0.267071191
0.303701645,0.26705678
0.303716743,0.267042361
0.303731819,0.267027933
0.303746873,0.267013498
0.303761905,0.266999055
0.303776914,0.266984603
0.303791902,0.266970143
0.303806867,0.266955675
0.30382181,0.266941199
0.303836731,0.266926715
0.303851629,0.266912223
0.303866506,0.266897722
0.30388136,0.266883214
0.303896192,0.266868697
0.303911001,0.266854173
0.303925789,0.26683964
0.303940554,0.266825099
0.303955297,0.26681055
0.303970017,0.266795994
0.303984716,0.266781429
0.303999392,0.266766856
0.304014046,0.266752274
0.304028677,0.266737685
0.304043287,0.266723088
0.304057874,0.266708483
0.304072439,0.26669387
0.304086981,0.266679249
0.304101501,0.266664619
0.304115999,0.266649982
0.304130475,0.266635337
0.304144928,0.266620684
0.304159359,0.266606022
0.304173768,0.266591353
0.304188154,0.266576676
0.304202518,0.266561991
0.30421686,0.266547297
0.304231179,0.266532596
0.304245476,0.266517887
0.304259751,0.26650317
0.304274003,0.266488445
0.304288233,0.266473712
0.304302441,0.266458971
0.304316626,0.266444222
0.304330789,0.266429465
0.304344929,0.266414701
0.304359048,0.266399928
0.304373143,0.266385148
0.304387217,0.266370359
0.304401268,0.266355563
0.304415296,0.266340758
0.304429303,0.266325946
0.304443287,0.266311126
0.304457248,0.266296298
0.304471187,0.266281462
0.304485104,0.266266619
0.304498998,0.266251767
0.30451287,0.266236907
0.304526719,0.26622204
0.304540546,0.266207165
0.304554351,0.266192282
0.304568133,0.266177391
0.304581893,0.266162492
0.30459563,0.266147586
0.304609345,0.266132671
0.304623037,0.266117749
0.304636707,0.266102819
0.304650354,0.266087881
0.304663979,0.266072936
0.304677582,0.266057982
0.304691162,0.266043021
0.30470472,0.266028052
0.304718255,0.266013075
0.304731767,0.26599809
0.304745257,0.265983098
0.304758725,0.265968098
0.30477217,0.26595309
0.304785593,0.265938074
0.304798993,0.265923051
0.304812371,0.265908019
0.304825726,0.26589298
0.304839059,0.265877934
0.304852369,0.265862879
0.304865656,0.265847817
0.304878921,0.265832747
0.304892164,0.265817669
0.304905384,0.265802584
0.304918582,0.265787491
0.304931757,0.26577239
0.304944909,0.265757282
0.304958039,0.265742165
0.304971146,0.265727042
0.304984231,0.26571191
0.304997293,0.265696771
0.305010333,0.265681624
0.30502335,0.265666469
0.305036345,0.265651307
0.305049317,0.265636137
0.305062266,0.265620959
0.305075193,0.265605774
0.305088097,0.265590581
0.305100979,0.265575381
0.305113838,0.265560172
0.305126675,0.265544957
0.305139489,0.265529733
0.30515228,0.265514502
0.305165049,0.265499263
0.305177795,0.265484017
0.305190518,0.265468763
0.305203219,0.265453502
0.305215898,0.265438233
0.305228553,0.265422956
0.305241186,0.265407672
0.305253797,0.26539238
0.305266385,0.26537708
0.30527895,0.265361773
0.305291492,0.265346459
0.305304012,0.265331137
0.30531651,0.265315807
0.305328984,0.26530047
0.305341436,0.265285125
0.305353866,0.265269772
0.305366272,0.265254413
0.305378656,0.265239045
0.305391018,0.26522367
0.305403356,0.265208288
0.305415672,0.265192898
0.305427966,0.2651775
0.305440237,0.265162095
0.305452485,0.265146683
0.30546471,0.265131263
0.305476913,0.265115835
0.305489093,0.2651004
0.30550125,0.265084958
0.305513384,0.265069508
0.305525496,0.26505405
0.305537586,0.265038585
0.305549652,0.265023113
0.305561696,0.265007633
0.305573717,0.264992146
0.305585715,0.264976651
0.305597691,0.264961149
0.305609644,0.264945639
0.305621574,0.264930122
0.305633482,0.264914598
0.305645367,0.264899066
0.305657229,0.264883527
0.305669068,0.26486798
0.305680885,0.264852426
0.305692678,0.264836864
0.30570445,0.264821296
0.305716198,0.264805719
0.305727924,0.264790135
0.305739626,0.264774544
0.305751307,0.264758946
0.305762964,0.26474334
0.305774599,0.264727727
0.305786211,0.264712106
0.3057978,0.264696478
0.305809366,0.264680843
0.30582091,0.2646652
0.30583243,0.26464955
0.305843929,0.264633893
0.305855404,0.264618228
0.305866856,0.264602556
0.305878286,0.264586877
0.305889693,0.26457119
0.305901077,0.264555496
0.305912438,0.264539795
0.305923777,0.264524087
0.305935093,0.264508371
0.305946386,0.264492648
0.305957656,0.264476917
0.305968903,0.264461179
0.305980128,0.264445434
0.30599133,0.264429682
0.306002509,0.264413922
0.306013665,0.264398156
0.306024798,0.264382382
0.306035909,0.2643666
0.306046996,0.264350812
0.306058061,0.264335016
0.306069103,0.264319213
0.306080123,0.264303402
0.306091119,0.264287585
0.306102093,0.26427176
0.306113043,0.264255928
0.306123971,0.264240089
0.306134876,0.264224242
0.306145759,0.264208388
0.306156618,0.264192528
0.306167455,0.26417666
0.306178268,0.264160784
0.306189059,0.264144902
0.306199827,0.264129012
0.306210572,0.264113115
0.306221295,0.264097211
0.306231994,0.2640813
0.306242671,0.264065382
0.306253324,0.264049456
0.306263955,0.264033524
0.306274563,0.264017584
0.306285148,0.264001637
0.306295711,0.263985683
0.30630625,0.263969722
0.306316766,0.263953753
0.30632726,0.263937778
0.306337731,0.263921795
0.306348179,0.263905806
0.306358604,0.263889809
0.306369006,0.263873805
0.306379385,0.263857794
0.306389741,0.263841776
0.306400075,0.26382575
0.306410385,0.263809718
0.306420673,0.263793679
0.306430938,0.263777632
0.306441179,0.263761579
0.306451398,0.263745518
0.306461594,0.26372945
0.306471768,0.263713376
0.306481918,0.263697294
0.306492045,0.263681205
0.30650215,0.263665109
0.306512231,0.263649006
0.30652229,0.263632896
0.306532325,0.263616779
0.306542338,0.263600655
0.306552328,0.263584524
0.306562295,0.263568386
0.306572239,0.263552241
0.30658216,0.263536089
0.306592058,0.26351993
0.306601933,0.263503764
0.306611785,0.263487591
0.306621615,0.263471411
0.306631421,0.263455224
0.306641205,0.26343903
0.306650965,0.263422829
0.306660703,0.263406621
0.306670418,0.263390406
0.306680109,0.263374184
0.306689778,0.263357955
0.306699424,0.263341719
0.306709047,0.263325476
0.306718647,0.263309227
0.306728224,0.26329297
0.306737778,0.263276706
0.306747309,0.263260436
0.306756817,0.263244159
0.306766302,0.263227874
0.306775764,0.263211583
0.306785204,0.263195285
0.30679462,0.26317898
0.306804013,0.263162668
0.306813384,0.263146349
0.306822731,0.263130023
0.306832056,0.263113691
0.306841357,0.263097351
0.306850636,0.263081005
0.306859891,0.263064652
0.306869124,0.263048292
0.306878334,0.263031925
0.30688752,0.263015551
0.306896684,0.26299917
0.306905825,0.262982783
0.306914942,0.262966388
0.306924037,0.262949987
0.306933109,0.262933579
0.306942158,0.262917164
0.306951184,0.262900742
0.306960186,0.262884314
0.306969166,0.262867879
0.306978123,0.262851436
0.306987057,0.262834988
0.306995968,0.262818532
0.307004856,0.262802069
0.307013721,0.2627856
0.307022563,0.262769124
0.307031382,0.262752641
0.307040178,0.262736151
0.307048951,0.262719655
0.307057701,0.262703152
0.307066428,0.262686642
0.307075132,0.262670125
0.307083813,0.262653601
0.307092471,0.262637071
0.307101106,0.262620534
0.307109718,0.262603991
0.307118307,0.26258744
0.307126873,0.262570883
0.307135416,0.262554319
0.307143936,0.262537748
0.307152433,0.262521171
0.307160907,0.262504587
0.307169358,0.262487996
0.307177786,0.262471399
0.307186191,0.262454795
0.307194573,0.262438184
0.307202932,0.262421566
0.307211268,0.262404942
0.307219581,0.262388311
0.307227871,0.262371673
0.307236138,0.262355029
0.307244382,0.262338378
0.307252603,0.262321721
0.307260801,0.262305056
0.307268976,0.262288385
0.307277128,0.262271708
0.307285257,0.262255024
0.307293363,0.262238333
0.307301446,0.262221635
0.307309506,0.262204931
0.307317542,0.262188221
0.307325556,0.262171503
0.307333547,0.262154779
0.307341515,0.262138049
0.30734946,0.262121311
0.307357382,0.262104568
0.30736528,0.262087817
0.307373156,0.26207106
0.307381009,0.262054297
0.307388839,0.262037527
0.307396645,0.26202075
0.307404429,0.262003967
0.30741219,0.261987177
0.307419927,0.26197038
0.307427642,0.261953577
0.307435334,0.261936768
0.307443002,0.261919952
0.307450648,0.261903129
0.307458271,0.2618863
0.30746587,0.261869464
0.307473447,0.261852622
0.307481,0.261835773
0.307488531,0.261818918
0.307496038,0.261802056
0.307503523,0.261785188
0.307510984,0.261768313
0.307518423,0.261751431
0.307525838,0.261734543
0.30753323,0.261717649
0.3075406,0.261700748
0.307547946,0.261683841
0.30755527,0.261666927
0.30756257,0.261650007
0.307569847,0.26163308
0.307577101,0.261616147
0.307584333,0.261599207
0.307591541,0.261582261
0.307598726,0.261565308
0.307605889,0.261548349
0.307613028,0.261531383
0.307620144,0.261514411
0.307627237,0.261497433
0.307634307,0.261480448
0.307641354,0.261463457
0.307648379,0.261446459
0.30765538,0.261429455
0.307662358,0.261412444
0.307669313,0.261395427
0.307676245,0.261378404
0.307683154,0.261361374
0.30769004,0.261344338
0.307696903,0.261327295
0.307703743,0.261310246
0.30771056,0.261293191
0.307717354,0.261276129
0.307724125,0.261259061
0.307730873,0.261241987
0.307737598,0.261224906
0.3077443,0.261207819
0.307750979,0.261190725
0.307757635,0.261173625
0.307764268,0.261156519
0.307770878,0.261139406
0.307777465,0.261122287
0.307784029,0.261105162
0.307790569,0.26108803
0.307797087,0.261070892
0.307803582,0.261053748
0.307810054,0.261036598
0.307816503,0.261019441
0.307822929,0.261002277
0.307829332,0.260985108
0.307835712,0.260967932
0.307842069,0.26095075
0.307848402,0.260933561
0.307854713,0.260916367
0.307861001,0.260899166
0.307867266,0.260881958
0.307873508,0.260864745
0.307879727,0.260847525
0.307885923,0.260830299
0.307892096,0.260813067
0.307898246,0.260795828
0.307904373,0.260778583
0.307910477,0.260761332
0.307916558,0.260744075
0.307922616,0.260726811
0.307928651,0.260709541
0.307934663,0.260692265
0.307940652,0.260674983
0.307946618,0.260657695
0.307952561,0.2606404
0.307958481,0.260623099
0.307964378,0.260605792
0.307970252,0.260588478
0.307976103,0.260571159
0.307981931,0.260553833
0.307987736,0.260536501
0.307993519,0.260519163
0.307999278,0.260501819
0.308005014,0.260484468
0.308010727,0.260467112
0.308016418,0.260449749
0.308022085,0.26043238
0.30802773,0.260415005
0.308033351,0.260397623
0.30803895,0.260380236
0.308044525,0.260362842
0.308050078,0.260345443
0.308055607,0.260328037
0.308061114,0.260310625
0.308066598,0.260293207
0.308072058,0.260275782
0.308077496,0.260258352
0.308082911,0.260240915
0.308088303,0.260223473
0.308093672,0.260206024
0.308099018,0.260188569
0.308104341,0.260171108
0.308109641,0.260153641
0.308114918,0.260136168
0.308120172,0.260118689
0.308125403,0.260101204
0.308130612,0.260083712
0.308135797,0.260066215
0.30814096,0.260048711
0.308146099,0.260031202
0.308151216,0.260013686
0.308156309,0.259996164
0.30816138,0.259978637
0.308166428,0.259961103
0.308171453,0.259943563
0.308176455,0.259926017
0.308181434,0.259908465
0.30818639,0.259890907
0.308191323,0.259873343
0.308196234,0.259855773
0.308201121,0.259838197
0.308205986,0.259820615
0.308210827,0.259803027
0.308215646,0.259785433
0.308220442,0.259767833
0.308225215,0.259750227
0.308229965,0.259732615
0.308234692,0.259714997
0.308239396,0.259697373
0.308244077,0.259679743
0.308248736,0.259662107
0.308253371,0.259644466
0.308257984,0.259626818
0.308262574,0.259609164
0.308267141,0.259591504
0.308271685,0.259573838
0.308276206,0.259556167
0.308280704,0.259538489
0.308285179,0.259520805
0.308289632,0.259503116
0.308294062,0.25948542
0.308298468,0.259467719
0.308302852,0.259450012
0.308307213,0.259432298
0.308311552,0.259414579
0.308315867,0.259396854
0.308320159,0.259379123
0.308324429,0.259361386
0.308328676,0.259343644
0.3083329,0.259325895
0.308337101,0.259308141
0.308341279,0.25929038
0.308345435,0.259272614
0.308349567,0.259254842
0.308353677,0.259237064
0.308357764,0.25921928
0.308361828,0.25920149
0.308365869,0.259183694
0.308369888,0.259165893
0.308373884,0.259148085
0.308377856,0.259130272
0.308381806,0.259112453
0.308385734,0.259094628
0.308389638,0.259076798
0.30839352,0.259058961
0.308397378,0.259041119
0.308401214,0.25902327
0.308405028,0.259005416
0.308408818,0.258987557
0.308412586,0.258969691
0.30841633,0.25895182
0.308420053,0.258933942
0.308423752,0.258916059
0.308427428,0.25889817
0.308431082,0.258880276
0.308434713,0.258862375
0.308438321,0.258844469
0.308441906,0.258826557
0.308445469,0.25880864
0.308449009,0.258790716
0.308452526,0.258772787
0.30845602,0.258754852
0.308459492,0.258736911
0.308462941,0.258718965
0.308466367,0.258701012
0.30846977,0.258683054
0.308473151,0.258665091
0.308476509,0.258647121
0.308479844,0.258629146
0.308483157,0.258611165
0.308486446,0.258593178
0.308489713,0.258575186
0.308492958,0.258557188
0.308496179,0.258539184
0.308499378,0.258521175
0.308502554,0.258503159
0.308505708,0.258485138
0.308508838,0.258467112
0.308511946,0.25844908
0.308515032,0.258431042
0.308518094,0.258412998
0.308521134,0.258394949
0.308524152,0.258376894
0.308527146,0.258358833
0.308530118,0.258340767
0.308533068,0.258322695
0.308535994,0.258304617
0.308538898,0.258286534
0.308541779,0.258268445
0.308544638,0.25825035
0.308547474,0.25823225
0.308550287,0.258214144
0.308553078,0.258196033
0.308555846,0.258177916
0.308558591,0.258159793
0.308561314,0.258141665
0.308564014,0.258123531
0.308566692,0.258105391
0.308569347,0.258087246
0.308571979,0.258069095
0.308574588,0.258050939
0.308577175,0.258032777
0.30857974,0.258014609
0.308582282,0.257996436
0.308584801,0.257978257
0.308587297,0.257960073
0.308589772,0.257941883
0.308592223,0.257923688
0.308594652,0.257905487
0.308597058,0.25788728
0.308599442,0.257869068
0.308601803,0.25785085
0.308604141,0.257832627
0.308606457,0.257814398
0.308608751,0.257796164
0.308611022,0.257777924
0.30861327,0.257759679
0.308615496,0.257741428
0.308617699,0.257723172
0.30861988,0.25770491
0.308622038,0.257686642
0.308624174,0.257668369
0.308626287,0.257650091
0.308628378,0.257631807
0.308630446,0.257613517
0.308632491,0.257595222
0.308634514,0.257576922
0.308636515,0.257558616
0.308638493,0.257540304
0.308640449,0.257521987
0.308642382,0.257503665
0.308644292,0.257485337
0.30864618,0.257467004
0.308648046,0.257448665
0.308649889,0.257430321
0.30865171,0.257411971
0.308653508,0.257393616
0.308655284,0.257375255
0.308657038,0.257356889
0.308658769,0.257338518
0.308660477,0.257320141
0.308662163,0.257301759
0.308663827,0.257283371
0.308665468,0.257264978
0.308667087,0.257246579
0.308668683,0.257228175
0.308670257,0.257209766
0.308671809,0.257191351
0.308673338,0.25717293
0.308674844,0.257154505
0.308676329,0.257136074
0.308677791,0.257117637
0.30867923,0.257099196
0.308680648,0.257080748
0.308682042,0.257062296
0.308683415,0.257043838
0.308684765,0.257025374
0.308686093,0.257006906
0.308687398,0.256988432
0.308688681,0.256969952
0.308689942,0.256951468
0.30869118,0.256932977
0.308692396,0.256914482
0.30869359,0.256895981
0.308694762,0.256877475
0.308695911,0.256858963
0.308697038,0.256840447
0.308698142,0.256821925
0.308699224,0.256803397
0.308700284,0.256784864
0.308701322,0.256766326
0.308702337,0.256747783
0.30870333,0.256729234
0.308704301,0.25671068
0.30870525,0.256692121
0.308706176,0.256673556
0.30870708,0.256654986
0.308707962,0.256636411
0.308708821,0.256617831
0.308709658,0.256599245
0.308710474,0.256580654
0.308711266,0.256562058
0.308712037,0.256543456
0.308712785,0.256524849
0.308713512,0.256506237
0.308714216,0.25648762
0.308714897,0.256468997
0.308715557,0.256450369
0.308716194,0.256431736
0.30871681,0.256413098
0.308717403,0.256394454
0.308717974,0.256375806
0.308718522,0.256357152
0.308719049,0.256338492
0.308719553,0.256319828
0.308720036,0.256301158
0.308720496,0.256282483
0.308720934,0.256263803
0.30872135,0.256245118
0.308721744,0.256226428
0.308722115,0.256207732
0.308722465,0.256189031
0.308722792,0.256170325
0.308723098,0.256151614
0.308723381,0.256132897
0.308723642,0.256114176
0.308723881,0.256095449
0.308724098,0.256076717
0.308724293,0.25605798
0.308724466,0.256039238
0.308724617,0.25602049
0.308724746,0.256001738
0.308724853,0.25598298
0.308724938,0.255964217
0.308725,0.255945449
0.308725041,0.255926676
0.30872506,0.255907897
0.308725057,0.255889114
0.308725031,0.255870325
0.308724984,0.255851532
0.308724915,0.255832733
0.308724824,0.255813929
0.30872471,0.25579512
0.308724575,0.255776306
0.308724418,0.255757487
0.308724239,0.255738662
0.308724038,0.255719833
0.308723815,0.255700999
0.30872357,0.255682159
0.308723303,0.255663314
0.308723015,0.255644465
0.308722704,0.25562561
0.308722371,0.25560675
0.308722017,0.255587885
0.308721641,0.255569015
0.308721242,0.25555014
0.308720822,0.25553126
0.30872038,0.255512374
0.308719916,0.255493484
0.308719431,0.255474589
0.308718923,0.255455688
0.308718394,0.255436783
0.308717843,0.255417873
0.30871727,0.255398957
0.308716675,0.255380037
0.308716058,0.255361111
0.30871542,0.255342181
0.308714759,0.255323245
0.308714077,0.255304305
0.308713373,0.255285359
0.308712648,0.255266409
0.3087119,0.255247453
0.308711131,0.255228493
0.30871034,0.255209527
0.308709528,0.255190557
0.308708693,0.255171581
0.308707837,0.255152601
0.308706959,0.255133615
0.308706059,0.255114625
0.308705138,0.25509563
0.308704195,0.255076629
0.308703231,0.255057624
0.308702244,0.255038614
0.308701236,0.255019598
0.308700206,0.255000578
0.308699155,0.254981553
0.308698082,0.254962523
0.308696987,0.254943488
0.308695871,0.254924448
0.308694733,0.254905403
0.308693573,0.254886354
0.308692392,0.254867299
0.308691189,0.254848239
0.308689965,0.254829175
0.308688719,0.254810105
0.308687451,0.254791031
0.308686162,0.254771952
0.308684851,0.254752868
0.308683519,0.254733779
0.308682165,0.254714685
0.308680789,0.254695586
0.308679392,0.254676482
0.308677974,0.254657374
0.308676534,0.25463826
0.308675072,0.254619142
0.308673589,0.254600019
0.308672085,0.254580891
0.308670559,0.254561758
0.308669011,0.25454262
0.308667442,0.254523477
0.308665852,0.25450433
0.30866424,0.254485177
0.308662606,0.25446602
0.308660952,0.254446858
0.308659275,0.254427691
0.308657578,0.25440852
0.308655859,0.254389343
0.308654118,0.254370162
0.308652356,0.254350976
0.308650573,0.254331785
0.308648768,0.254312589
0.308646942,0.254293388
0.308645095,0.254274183
0.308643226,0.254254973
0.308641336,0.254235758
0.308639425,0.254216538
0.308637492,0.254197313
0.308635538,0.254178084
0.308633562,0.25415885
0.308631566,0.254139611
0.308629548,0.254120367
0.308627508,0.254101119
0.308625448,0.254081865
0.308623366,0.254062607
0.308621263,0.254043344
0.308619138,0.254024077
0.308616993,0.254004805
0.308614826,0.253985528
0.308612638,0.253966246
0.308610429,0.253946959
0.308608198,0.253927668
0.308605946,0.253908372
0.308603674,0.253889071
0.30860138,0.253869766
0.308599064,0.253850456
0.308596728,0.253831141
0.30859437,0.253811821
0.308591992,0.253792497
0.308589592,0.253773168
0.308587171,0.253753834
0.308584729,0.253734496
0.308582266,0.253715152
0.308579782,0.253695805
0.308577276,0.253676452
0.30857475,0.253657095
0.308572202,0.253637733
0.308569634,0.253618366
0.308567044,0.253598995
0.308564434,0.253579619
0.308561802,0.253560239
0.308559149,0.253540853
0.308556476,0.253521464
0.308553781,0.253502069
0.308551065,0.25348267
0.308548329,0.253463266
0.308545571,0.253443857
0.308542792,0.253424444
0.308539993,0.253405026
0.308537172,0.253385604
0.308534331,0.253366177
0.308531469,0.253346745
0.308528585,0.253327309
0.308525681,0.253307868
0.308522756,0.253288422
0.30851981,0.253268972
0.308516843,0.253249517
0.308513855,0.253230058
0.308510847,0.253210594
0.308507818,0.253191125
0.308504767,0.253171652
0.308501696,0.253152175
0.308498604,0.253132692
0.308495492,0.253113205
0.308492358,0.253093714
0.308489204,0.253074218
0.308486029,0.253054717
0.308482833,0.253035212
0.308479617,0.253015702
0.308476379,0.252996187
0.308473121,0.252976669
0.308469843,0.252957145
0.308466543,0.252937617
0.308463223,0.252918084
0.308459882,0.252898547
0.30845652,0.252879006
0.308453138,0.252859459
0.308449735,0.252839909
0.308446312,0.252820353
0.308442868,0.252800794
0.308439403,0.252781229
0.308435917,0.252761661
0.308432411,0.252742087
0.308428885,0.252722509
0.308425338,0.252702927
0.30842177,0.25268334
0.308418181,0.252663749
0.308414573,0.252644153
0.308410943,0.252624552
0.308407293,0.252604948
0.308403623,0.252585338
0.308399932,0.252565724
0.30839622,0.252546106
0.308392488,0.252526483
0.308388736,0.252506856
0.308384963,0.252487224
0.308381169,0.252467588
0.308377355,0.252447948
0.308373521,0.252428302
0.308369666,0.252408653
0.308365791,0.252388999
0.308361896,0.25236934
0.30835798,0.252349678
0.308354043,0.25233001
0.308350087,0.252310338
0.30834611,0.252290662
0.308342112,0.252270982
0.308338095,0.252251297
0.308334057,0.252231607
0.308329998,0.252211913
0.30832592,0.252192215
0.308321821,0.252172512
0.308317702,0.252152805
0.308313562,0.252133093
0.308309402,0.252113377
0.308305222,0.252093657
0.308301022,0.252073932
0.308296802,0.252054203
0.308292561,0.25203447
0.3082883,0.252014732
0.308284019,0.25199499
0.308279718,0.251975243
0.308275397,0.251955492
0.308271055,0.251935737
0.308266693,0.251915977
0.308262312,0.251896213
0.30825791,0.251876444
0.308253488,0.251856671
0.308249046,0.251836894
0.308244583,0.251817113
0.308240101,0.251797327
0.308235599,0.251777537
0.308231077,0.251757742
0.308226534,0.251737943
0.308221972,0.25171814
0.308217389,0.251698332
0.308212787,0.251678521
0.308208165,0.251658704
0.308203522,0.251638884
0.30819886,0.251619059
0.308194178,0.25159923
0.308189476,0.251579397
0.308184753,0.251559559
0.308180011,0.251539717
0.30817525,0.251519871
0.308170468,0.25150002
0.308165666,0.251480165
0.308160844,0.251460306
0.308156003,0.251440442
0.308151142,0.251420575
0.308146261,0.251400703
0.30814136,0.251380826
0.308136439,0.251360946
0.308131499,0.251341061
0.308126539,0.251321172
0.308121559,0.251301279
0.308116559,0.251281381
0.308111539,0.251261479
0.3081065,0.251241573
0.308101441,0.251221663
0.308096363,0.251201748
0.308091264,0.251181829
0.308086146,0.251161906
0.308081009,0.251141979
0.308075851,0.251122048
0.308070675,0.251102112
0.308065478,0.251082172
0.308060262,0.251062228
0.308055026,0.25104228
0.308049771,0.251022327
0.308044496,0.25100237
0.308039202,0.250982409
0.308033888,0.250962444
0.308028554,0.250942475
0.308023201,0.250922501
0.308017828,0.250902524
0.308012436,0.250882542
0.308007025,0.250862556
0.308001594,0.250842565
0.307996144,0.250822571
0.307990674,0.250802572
0.307985184,0.25078257
0.307979676,0.250762563
0.307974148,0.250742552
0.3079686,0.250722536
0.307963033,0.250702517
0.307957447,0.250682493
0.307951842,0.250662466
0.307946217,0.250642434
0.307940573,0.250622398
0.307934909,0.250602358
0.307929226,0.250582313
0.307923524,0.250562265
0.307917803,0.250542213
0.307912063,0.250522156
0.307906303,0.250502095
0.307900524,0.25048203
0.307894726,0.250461961
0.307888908,0.250441888
0.307883072,0.250421811
0.307877216,0.25040173
0.307871341,0.250381644
0.307865447,0.250361555
0.307859534,0.250341461
0.307853601,0.250321364
0.30784765,0.250301262
0.30784168,0.250281156
0.30783569,0.250261046
0.307829682,0.250240932
0.307823654,0.250220814
0.307817607,0.250200692
0.307811542,0.250180566
0.307805457,0.250160436
0.307799353,0.250140302
0.307793231,0.250120163
0.307787089,0.250100021
0.307780929,0.250079874
0.307774749,0.250059724
0.307768551,0.250039569
0.307762334,0.250019411
0.307756098,0.249999248
0.307749843,0.249979082
0.307743569,0.249958911
0.307737277,0.249938736
0.307730965,0.249918558
0.307724635,0.249898375
0.307718286,0.249878188
0.307711918,0.249857998
0.307705531,0.249837803
0.307699126,0.249817604
0.307692702,0.249797401
0.307686259,0.249777195
0.307679798,0.249756984
0.307673317,0.249736769
0.307666819,0.24971655
0.307660301,0.249696328
0.307653765,0.249676101
0.30764721,0.24965587
0.307640637,0.249635636
0.307634045,0.249615397
0.307627434,0.249595155
0.307620805,0.249574908
0.307614157,0.249554658
0.307607491,0.249534403
0.307600806,0.249514145
0.307594103,0.249493883
0.307587381,0.249473616
0.307580641,0.249453346
0.307573882,0.249433072
0.307567105,0.249412794
0.307560309,0.249392512
0.307553495,0.249372226
0.307546663,0.249351936
0.307539812,0.249331642
0.307532943,0.249311345
0.307526056,0.249291043
0.30751915,0.249270737
0.307512225,0.249250428
0.307505283,0.249230115
0.307498322,0.249209797
0.307491343,0.249189476
0.307484346,0.249169151
0.30747733,0.249148822
0.307470296,0.249128489
0.307463244,0.249108153
0.307456174,0.249087812
0.307449086,0.249067467
0.307441979,0.249047119
0.307434855,0.249026767
0.307427712,0.249006411
0.307420551,0.248986051
0.307413372,0.248965687
0.307406175,0.248945319
0.30739896,0.248924948
0.307391726,0.248904572
0.307384475,0.248884193
0.307377206,0.24886381
0.307369918,0.248843423
0.307362613,0.248823032
0.30735529,0.248802638
0.307347949,0.248782239
0.307340589,0.248761837
0.307333212,0.248741431
0.307325817,0.248721021
0.307318404,0.248700607
0.307310974,0.24868019
0.307303525,0.248659768
0.307296059,0.248639343
0.307288574,0.248618914
0.307281072,0.248598481
0.307273552,0.248578045
0.307266015,0.248557604
0.307258459,0.24853716
0.307250886,0.248516712
0.307243295,0.24849626
0.307235687,0.248475805
0.307228061,0.248455345
0.307220417,0.248434882
0.307212755,0.248414415
0.307205076,0.248393945
0.307197379,0.24837347
0.307189665,0.248352992
0.307181933,0.24833251
0.307174183,0.248312024
0.307166416,0.248291535
0.307158631,0.248271042
0.307150829,0.248250545
0.307143009,0.248230044
0.307135172,0.24820954
0.307127317,0.248189031
0.307119445,0.248168519
0.307111556,0.248148004
0.307103649,0.248127484
0.307095724,0.248106961
0.307087783,0.248086434
0.307079823,0.248065904
0.307071847,0.24804537
0.307063853,0.248024832
0.307055842,0.24800429
0.307047814,0.247983745
0.307039768,0.247963196
0.307031705,0.247942643
0.307023625,0.247922086
0.307015528,0.247901526
0.307007413,0.247880962
0.306999281,0.247860395
0.306991132,0.247839823
0.306982966,0.247819248
0.306974783,0.24779867
0.306966583,0.247778088
0.306958365,0.247757502
0.306950131,0.247736912
0.306941879,0.247716319
0.30693361,0.247695722
0.306925325,0.247675121
0.306917022,0.247654517
0.306908703,0.247633909
0.306900366,0.247613297
0.306892012,0.247592682
0.306883642,0.247572063
0.306875254,0.247551441
0.30686685,0.247530815
0.306858429,0.247510185
0.306849991,0.247489552
0.306841536,0.247468915
0.306833064,0.247448274
0.306824576,0.24742763
0.30681607,0.247406982
0.306807548,0.24738633
0.306799009,0.247365675
0.306790454,0.247345017
0.306781882,0.247324354
0.306773293,0.247303688
0.306764687,0.247283019
0.306756065,0.247262346
0.306747426,0.247241669
0.30673877,0.247220989
0.306730098,0.247200305
0.306721409,0.247179618
0.306712704,0.247158927
0.306703982,0.247138232
0.306695243,0.247117534
0.306686489,0.247096832
0.306677717,0.247076127
0.306668929,0.247055418
0.306660125,0.247034706
0.306651304,0.24701399
0.306642467,0.24699327
0.306633614,0.246972547
0.306624744,0.24695182
0.306615857,0.24693109
0.306606955,0.246910356
0.306598036,0.246889619
0.306589101,0.246868878
0.306580149,0.246848134
0.306571181,0.246827386
0.306562197,0.246806635
0.306553197,0.24678588
0.306544181,0.246765122
0.306535148,0.24674436
0.3065261,0.246723594
0.306517035,0.246702825
0.306507954,0.246682053
0.306498857,0.246661277
0.306489743,0.246640498
0.306480614,0.246619715
0.306471469,0.246598928
0.306462308,0.246578138
0.30645313,0.246557345
0.306443937,0.246536548
0.306434728,0.246515748
0.306425503,0.246494944
0.306416262,0.246474136
0.306407005,0.246453326
0.306397732,0.246432511
0.306388443,0.246411694
0.306379138,0.246390872
0.306369818,0.246370048
0.306360482,0.24634922
0.30635113,0.246328388
0.306341762,0.246307553
0.306332379,0.246286715
0.306322979,0.246265873
0.306313565,0.246245027
0.306304134,0.246224179
0.306294688,0.246203326
0.306285226,0.246182471
0.306275748,0.246161612
0.306266255,0.246140749
0.306256747,0.246119883
0.306247222,0.246099014
0.306237683,0.246078141
0.306228127,0.246057265
0.306218557,0.246036385
0.30620897,0.246015502
0.306199369,0.245994616
0.306189752,0.245973726
0.306180119,0.245952833
0.306170471,0.245931936
0.306160808,0.245911037
0.306151129,0.245890133
0.306141435,0.245869226
0.306131726,0.245848316
0.306122002,0.245827403
0.306112262,0.245806486
0.306102507,0.245785566
0.306092736,0.245764642
0.306082951,0.245743715
0.30607315,0.245722785
0.306063335,0.245701851
0.306053504,0.245680914
0.306043658,0.245659974
0.306033796,0.24563903
0.30602392,0.245618083
0.306014029,0.245597132
0.306004123,0.245576178
0.305994201,0.245555221
0.305984265,0.245534261
0.305974314,0.245513297
0.305964348,0.24549233
0.305954367,0.245471359
0.305944371,0.245450386
0.30593436,0.245429408
0.305924334,0.245408428
0.305914293,0.245387444
0.305904238,0.245366457
0.305894168,0.245345467
0.305884083,0.245324473
0.305873983,0.245303476
0.305863869,0.245282476
0.30585374,0.245261472
0.305843596,0.245240465
0.305833438,0.245219455
0.305823264,0.245198442
0.305813077,0.245177425
0.305802875,0.245156405
0.305792658,0.245135382
0.305782426,0.245114355
0.30577218,0.245093326
0.30576192,0.245072292
0.305751645,0.245051256
0.305741356,0.245030216
0.305731052,0.245009174
0.305720734,0.244988127
0.305710401,0.244967078
0.305700054,0.244946025
0.305689693,0.244924969
0.305679317,0.24490391
0.305668927,0.244882848
0.305658523,0.244861782
0.305648105,0.244840713
0.305637672,0.244819641
0.305627225,0.244798566
0.305616764,0.244777488
0.305606289,0.244756406
0.305595799,0.244735321
0.305585296,0.244714233
0.305574778,0.244693141
0.305564247,0.244672046
0.305553701,0.244650949
0.305543141,0.244629848
0.305532568,0.244608743
0.30552198,0.244587636
0.305511378,0.244566525
0.305500763,0.244545411
0.305490133,0.244524294
0.30547949,0.244503174
0.305468833,0.244482051
0.305458162,0.244460924
0.305447477,0.244439794
0.305436778,0.244418661
0.305426065,0.244397525
0.305415339,0.244376386
0.305404599,0.244355244
0.305393846,0.244334098
0.305383079,0.244312949
0.305372298,0.244291797
0.305361503,0.244270642
0.305350695,0.244249484
0.305339873,0.244228323
0.305329038,0.244207158
0.305318189,0.24418599
0.305307327,0.244164819
0.305296451,0.244143646
0.305285562,0.244122468
0.305274659,0.244101288
0.305263743,0.244080105
0.305252813,0.244058918
0.305241871,0.244037729
0.305230914,0.244016536
0.305219945,0.24399534
0.305208962,0.243974141
0.305197966,0.243952939
0.305186957,0.243931734
0.305175934,0.243910526
0.305164899,0.243889314
0.30515385,0.2438681
0.305142788,0.243846882
0.305131713,0.243825662
0.305120624,0.243804438
0.305109523,0.243783211
0.305098409,0.243761981
0.305087281,0.243740748
0.305076141,0.243719512
0.305064988,0.243698273
0.305053821,0.243677031
0.305042642,0.243655785
0.30503145,0.243634537
0.305020245,0.243613285
0.305009027,0.243592031
0.304997797,0.243570773
0.304986553,0.243549513
0.304975297,0.243528249
0.304964028,0.243506982
0.304952747,0.243485713
0.304941452,0.24346444
0.304930145,0.243443164
0.304918826,0.243421885
0.304907493,0.243400603
0.304896149,0.243379318
0.304884791,0.24335803
0.304873421,0.243336739
0.304862039,0.243315445
0.304850644,0.243294148
0.304839236,0.243272848
0.304827816,0.243251545
0.304816384,0.243230239
0.304804939,0.24320893
0.304793482,0.243187618
0.304782013,0.243166303
0.304770531,0.243144984
0.304759037,0.243123663
0.304747531,0.243102339
0.304736012,0.243081012
0.304724481,0.243059682
0.304712939,0.243038349
0.304701384,0.243017013
0.304689816,0.242995674
0.304678237,0.242974332
0.304666646,0.242952987
0.304655042,0.242931639
0.304643427,0.242910288
0.304631799,0.242888934
0.30462016,0.242867577
0.304608508,0.242846218
0.304596845,0.242824855
0.30458517,0.242803489
0.304573483,0.24278212
0.304561784,0.242760749
0.304550073,0.242739374
0.304538351,0.242717997
0.304526616,0.242696616
0.30451487,0.242675233
0.304503113,0.242653847
0.304491343,0.242632457
0.304479562,0.242611065
0.304467769,0.24258967
0.304455965,0.242568272
0.304444149,0.242546871
0.304432322,0.242525467
0.304420483,0.24250406
0.304408632,0.242482651
0.30439677,0.242461238
0.304384897,0.242439823
0.304373012,0.242418404
0.304361116,0.242396983
0.304349209,0.242375559
0.30433729,0.242354132
0.30432536,0.242332702
0.304313418,0.242311269
0.304301465,0.242289833
0.304289501,0.242268394
0.304277526,0.242246953
0.30426554,0.242225509
0.304253543,0.242204061
0.304241534,0.242182611
0.304229514,0.242161158
0.304217484,0.242139702
0.304205442,0.242118244
0.304193389,0.242096782
0.304181326,0.242075318
0.304169251,0.24205385
0.304157165,0.24203238
0.304145069,0.242010907
0.304132961,0.241989431
0.304120843,0.241967952
0.304108714,0.241946471
0.304096575,0.241924987
0.304084424,0.241903499
0.304072263,0.241882009
0.304060091,0.241860516
0.304047908,0.241839021
0.304035715,0.241817522
0.304023511,0.241796021
0.304011297,0.241774517
0.303999072,0.24175301
0.303986836,0.2417315
0.30397459,0.241709987
0.303962334,0.241688472
0.303950067,0.241666954
0.303937789,0.241645433
0.303925501,0.241623909
0.303913203,0.241602382
0.303900895,0.241580853
0.303888576,0.241559321
0.303876247,0.241537786
0.303863908,0.241516248
0.303851558,0.241494708
0.303839199,0.241473164
0.303826829,0.241451618
0.303814449,0.241430069
0.303802059,0.241408518
0.303789659,0.241386963
0.303777249,0.241365406
0.303764829,0.241343846
0.303752398,0.241322284
0.303739958,0.241300718
0.303727508,0.24127915
0.303715048,0.241257579
0.303702579,0.241236005
0.303690099,0.241214429
0.30367761,0.24119285
0.30366511,0.241171268
0.303652601,0.241149683
0.303640083,0.241128096
0.303627554,0.241106506
0.303615016,0.241084913
0.303602469,0.241063317
0.303589912,0.241041719
0.303577345,0.241020118
0.303564768,0.240998514
0.303552183,0.240976908
0.303539587,0.240955299
0.303526982,0.240933687
0.303514368,0.240912072
0.303501745,0.240890455
0.303489112,0.240868835
0.303476469,0.240847212
0.303463818,0.240825587
0.303451157,0.240803959
0.303438487,0.240782328
0.303425807,0.240760695
0.303413119,0.240739058
0.303400421,0.24071742
0.303387714,0.240695778
0.303374999,0.240674134
0.303362274,0.240652487
0.30334954,0.240630838
0.303336797,0.240609185
0.303324045,0.240587531
0.303311284,0.240565873
0.303298514,0.240544213
0.303285736,0.24052255
0.303272948,0.240500885
0.303260152,0.240479216
0.303247347,0.240457546
0.303234533,0.240435872
0.30322171,0.240414196
0.303208879,0.240392517
0.303196039,0.240370836
0.303183191,0.240349152
0.303170333,0.240327465
0.303157468,0.240305776
0.303144593,0.240284084
0.303131711,0.24026239
0.30311882,0.240240693
0.30310592,0.240218993
0.303093012,0.240197291
0.303080095,0.240175586
0.30306717,0.240153878
0.303054237,0.240132168
0.303041296,0.240110455
0.303028346,0.24008874
0.303015388,0.240067022
0.303002422,0.240045301
0.302989448,0.240023578
0.302976466,0.240001852
0.302963475,0.239980124
0.302950477,0.239958393
0.30293747,0.239936659
0.302924456,0.239914923
0.302911433,0.239893184
0.302898403,0.239871443
0.302885364,0.239849699
0.302872318,0.239827953
0.302859264,0.239806204
0.302846202,0.239784452
0.302833132,0.239762698
0.302820055,0.239740941
0.30280697,0.239719182
0.302793877,0.23969742
0.302780776,0.239675656
0.302767668,0.239653889
0.302754553,0.23963212
0.302741429,0.239610348
0.302728299,0.239588573
0.30271516,0.239566796
0.302702015,0.239545017
0.302688862,0.239523234
0.302675701,0.23950145
0.302662533,0.239479663
0.302649358,0.239457873
0.302636176,0.239436081
0.302622986,0.239414286
0.302609789,0.239392489
0.302596585,0.239370689
0.302583374,0.239348886
0.302570155,0.239327082
0.30255693,0.239305274
0.302543697,0.239283464
0.302530457,0.239261652
0.302517211,0.239239837
0.302503957,0.23921802
0.302490697,0.2391962
0.302477429,0.239174378
0.302464155,0.239152553
0.302450874,0.239130726
0.302437586,0.239108896
0.302424292,0.239087064
0.30241099,0.239065229
0.302397682,0.239043392
0.302384367,0.239021552
0.302371046,0.23899971
0.302357718,0.238977866
0.302344384,0.238956018
0.302331043,0.238934169
0.302317695,0.238912317
0.302304341,0.238890463
0.302290981,0.238868606
0.302277614,0.238846746
0.302264241,0.238824884
0.302250862,0.23880302
0.302237476,0.238781154
0.302224084,0.238759284
0.302210686,0.238737413
0.302197281,0.238715539
0.302183871,0.238693662
0.302170454,0.238671784
0.302157031,0.238649902
0.302143603,0.238628019
0.302130168,0.238606132
0.302116727,0.238584244
0.30210328,0.238562353
0.302089828,0.23854046
0.302076369,0.238518564
0.302062905,0.238496666
0.302049435,0.238474765
0.302035959,0.238452862
0.302022477,0.238430956
0.30200899,0.238409049
0.301995497,0.238387138
0.301981998,0.238365226
0.301968494,0.238343311
0.301954984,0.238321393
0.301941469,0.238299474
0.301927948,0.238277551
0.301914422,0.238255627
0.30190089,0.2382337
0.301887353,0.238211771
0.30187381,0.238189839
0.301860263,0.238167905
0.301846709,0.238145969
0.301833151,0.23812403
0.301819588,0.238102089
0.301806019,0.238080145
0.301792445,0.238058199
0.301778866,0.238036251
0.301765282,0.238014301
0.301751693,0.237992348
0.301738099,0.237970393
0.3017245,0.237948435
0.301710897,0.237926475
0.301697288,0.237904513
0.301683674,0.237882548
0.301670056,0.237860581
0.301656432,0.237838612
0.301642805,0.23781664
0.301629172,0.237794666
0.301615535,0.23777269
0.301601893,0.237750712
0.301588246,0.237728731
0.301574595,0.237706747
0.301560939,0.237684762
0.301547279,0.237662774
0.301533614,0.237640784
0.301519945,0.237618791
0.301506272,0.237596797
0.301492594,0.2375748
0.301478912,0.2375528
0.301465226,0.237530799
0.301451535,0.237508795
0.301437841,0.237486788
0.301424142,0.23746478
0.301410439,0.237442769
0.301396731,0.237420756
0.30138302,0.237398741
0.301369305,0.237376723
0.301355586,0.237354703
0.301341863,0.237332681
0.301328136,0.237310656
0.301314405,0.23728863
0.30130067,0.237266601
0.301286932,0.237244569
0.30127319,0.237222536
0.301259444,0.2372005
0.301245694,0.237178462
0.301231941,0.237156422
0.301218184,0.237134379
0.301204423,0.237112334
0.301190659,0.237090287
0.301176892,0.237068238
0.301163121,0.237046187
0.301149347,0.237024133
0.301135569,0.237002077
0.301121788,0.236980019
0.301108003,0.236957958
0.301094216,0.236935896
0.301080425,0.236913831
0.301066631,0.236891764
0.301052834,0.236869694
0.301039034,0.236847623
0.30102523,0.236825549
0.301011424,0.236803473
0.300997614,0.236781395
0.300983802,0.236759314
0.300969987,0.236737232
0.300956169,0.236715147
0.300942348,0.23669306
0.300928524,0.236670971
0.300914697,0.236648879
0.300900868,0.236626786
0.300887036,0.23660469
0.300873201,0.236582592
0.300859364,0.236560492
0.300845524,0.236538389
0.300831682,0.236516285
0.300817837,0.236494178
0.30080399,0.236472069
0.30079014,0.236449958
0.300776288,0.236427845
0.300762433,0.23640573
0.300748577,0.236383612
0.300734717,0.236361493
0.300720856,0.236339371
0.300706993,0.236317247
0.300693127,0.236295121
0.30067926,0.236272992
0.30066539,0.236250862
0.300651518,0.236228729
0.300637644,0.236206594
0.300623769,0.236184457
0.300609891,0.236162318
0.300596012,0.236140177
0.30058213,0.236118034
0.300568247,0.236095888
0.300554362,0.236073741
0.300540476,0.236051591
0.300526587,0.236029439
0.300512698,0.236007285
0.300498806,0.235985129
0.300484913,0.235962971
0.300471019,0.235940811
0.300457123,0.235918648
0.300443225,0.235896484
0.300429327,0.235874317
0.300415426,0.235852148
0.300401525,0.235829978
0.300387622,0.235807805
0.300373718,0.23578563
0.300359813,0.235763452
0.300345907,0.235741273
0.300332,0.235719092
0.300318091,0.235696908
0.300304182,0.235674723
0.300290271,0.235652535
0.30027636,0.235630346
0.300262447,0.235608154
0.300248534,0.23558596
0.30023462,0.235563764
0.300220705,0.235541566
0.30020679,0.235519366
0.300192874,0.235497164
0.300178957,0.23547496
0.300165039,0.235452754
0.300151121,0.235430545
0.300137203,0.235408335
0.300123284,0.235386123
0.300109364,0.235363908
0.300095444,0.235341692
0.300081524,0.235319473
0.300067603,0.235297253
0.300053682,0.23527503
0.300039761,0.235252805
0.30002584,0.235230579
0.300011918,0.23520835
0.299997997,0.235186119
0.299984075,0.235163886
0.299970153,0.235141652
0.299956231,0.235119415
0.29994231,0.235097176
0.299928388,0.235074935
0.299914466,0.235052692
0.299900545,0.235030447
0.299886624,0.2350082
0.299872703,0.234985951
0.299858783,0.2349637
0.299844862,0.234941447
0.299830943,0.234919192
0.299817023,0.234896935
0.299803104,0.234874677
0.299789186,0.234852416
0.299775268,0.234830153
0.299761351,0.234807888
0.299747434,0.234785621
0.299733518,0.234763352
0.299719603,0.234741081
0.299705689,0.234718808
0.299691775,0.234696533
0.299677862,0.234674256
0.29966395,0.234651978
0.299650039,0.234629697
0.299636129,0.234607414
0.29962222,0.234585129
0.299608313,0.234562843
0.299594406,0.234540554
0.2995805,0.234518263
0.299566596,0.234495971
0.299552693,0.234473676
0.299538791,0.23445138
0.29952489,0.234429081
0.299510991,0.234406781
0.299497093,0.234384479
0.299483197,0.234362174
0.299469302,0.234339868
0.299455409,0.23431756
0.299441517,0.23429525
0.299427627,0.234272938
0.299413739,0.234250624
0.299399852,0.234228308
0.299385967,0.234205991
0.299372084,0.234183671
0.299358203,0.234161349
0.299344324,0.234139026
0.299330446,0.2341167
0.299316571,0.234094373
0.299302698,0.234072043
0.299288826,0.234049712
0.299274957,0.234027379
0.29926109,0.234005044
0.299247225,0.233982707
0.299233363,0.233960368
0.299219502,0.233938028
0.299205644,0.233915685
0.299191789,0.23389334
0.299177936,0.233870994
0.299164085,0.233848646
0.299150237,0.233826296
0.299136391,0.233803944
0.299122549,0.23378159
0.299108708,0.233759234
0.299094871,0.233736876
0.299081036,0.233714516
0.299067204,0.233692155
0.299053374,0.233669792
0.299039548,0.233647427
0.299025725,0.233625059
0.299011904,0.233602691
0.298998087,0.23358032
0.298984272,0.233557947
0.298970461,0.233535573
0.298956653,0.233513196
0.298942848,0.233490818
0.298929046,0.233468438
0.298915248,0.233446056
0.298901453,0.233423672
0.298887661,0.233401287
0.298873873,0.2333789
0.298860088,0.23335651
0.298846307,0.233334119
0.298832529,0.233311726
0.298818755,0.233289332
0.298804984,0.233266935
0.298791218,0.233244537
0.298777455,0.233222136
0.298763695,0.233199734
0.29874994,0.23317733
0.298736189,0.233154925
0.298722441,0.233132517
0.298708697,0.233110108
0.298694958,0.233087697
0.298681222,0.233065284
0.298667491,0.233042869
0.298653764,0.233020453
0.298640041,0.232998034
0.298626322,0.232975614
0.298612607,0.232953192
0.298598897,0.232930769
0.298585192,0.232908343
0.29857149,0.232885916
0.298557794,0.232863487
0.298544101,0.232841056
0.298530414,0.232818623
0.298516731,0.232796189
0.298503052,0.232773753
0.298489379,0.232751315
0.29847571,0.232728875
0.298462046,0.232706433
0.298448387,0.23268399
0.298434733,0.232661545
0.298421083,0.232639098
0.298407439,0.23261665
0.2983938,0.232594199
0.298380166,0.232571747
0.298366537,0.232549293
0.298352913,0.232526838
0.298339295,0.23250438
0.298325682,0.232481921
0.298312074,0.23245946
0.298298471,0.232436998
0.298284874,0.232414533
0.298271283,0.232392067
0.298257697,0.2323696
0.298244117,0.23234713
0.298230542,0.232324659
0.298216973,0.232302186
0.29820341,0.232279711
0.298189852,0.232257235
0.2981763,0.232234756
0.298162755,0.232212277
0.298149215,0.232189795
0.298135681,0.232167312
0.298122153,0.232144827
0.298108631,0.23212234
0.298095115,0.232099851
0.298081606,0.232077361
0.298068102,0.232054869
0.298054605,0.232032376
0.298041115,0.232009881
0.29802763,0.231987384
0.298014152,0.231964885
0.298000681,0.231942385
0.297987216,0.231919883
0.297973757,0.231897379
0.297960306,0.231874873
0.29794686,0.231852366
0.297933422,0.231829858
0.29791999,0.231807347
0.297906566,0.231784835
0.297893148,0.231762321
0.297879736,0.231739806
0.297866332,0.231717289
0.297852935,0.23169477
0.297839545,0.231672249
0.297826162,0.231649727
0.297812786,0.231627203
0.297799418,0.231604678
0.297786056,0.231582151
0.297772702,0.231559622
0.297759356,0.231537091
0.297746016,0.231514559
0.297732685,0.231492026
0.29771936,0.23146949
0.297706044,0.231446953
0.297692735,0.231424415
0.297679433,0.231401874
0.297666139,0.231379332
0.297652853,0.231356789
0.297639575,0.231334244
0.297626305,0.231311697
0.297613042,0.231289148
0.297599788,0.231266598
0.297586542,0.231244046
0.297573303,0.231221493
0.297560073,0.231198938
0.297546851,0.231176382
0.297533637,0.231153823
0.297520432,0.231131264
0.297507234,0.231108702
0.297494045,0.231086139
0.297480865,0.231063575
0.297467693,0.231041008
0.29745453,0.231018441
0.297441375,0.230995871
0.297428228,0.2309733
0.297415091,0.230950728
0.297401962,0.230928153
0.297388842,0.230905578
0.297375731,0.230883
0.297362628,0.230860421
0.297349535,0.230837841
0.297336451,0.230815258
0.297323375,0.230792675
0.297310309,0.230770089
0.297297252,0.230747503
0.297284204,0.230724914
0.297271165,0.230702324
0.297258136,0.230679733
0.297245116,0.230657139
0.297232106,0.230634545
0.297219104,0.230611948
0.297206113,0.230589351
0.297193131,0.230566751
0.297180158,0.23054415
0.297167196,0.230521548
0.297154243,0.230498944
0.297141299,0.230476338
0.297128366,0.230453731
0.297115443,0.230431122
0.297102529,0.230408512
0.297089625,0.2303859
0.297076732,0.230363287
0.297063848,0.230340672
0.297050975,0.230318056
0.297038112,0.230295438
0.297025259,0.230272819
0.297012417,0.230250198
0.296999584,0.230227575
0.296986763,0.230204951
0.296973951,0.230182326
0.296961151,0.230159699
0.29694836,0.23013707
0.296935581,0.23011444
0.296922812,0.230091808
0.296910054,0.230069175
0.296897306,0.230046541
0.29688457,0.230023905
0.296871844,0.230001267
0.29685913,0.229978628
0.296846426,0.229955987
0.296833733,0.229933345
0.296821052,0.229910702
0.296808382,0.229888057
0.296795723,0.22986541
0.296783075,0.229842762
0.296770438,0.229820112
0.296757813,0.229797461
0.2967452,0.229774809
0.296732597,0.229752155
0.296720007,0.229729499
0.296707428,0.229706842
0.29669486,0.229684184
0.296682305,0.229661524
0.296669761,0.229638863
0.296657229,0.2296162
0.296644709,0.229593536
0.296632201,0.22957087
0.296619704,0.229548203
0.29660722,0.229525534
0.296594748,0.229502864
0.296582288,0.229480192
0.296569841,0.229457519
0.296557405,0.229434845
0.296544982,0.229412169
0.296532571,0.229389492
0.296520173,0.229366813
0.296507787,0.229344132
0.296495414,0.229321451
0.296483053,0.229298768
0.296470705,0.229276083
0.29645837,0.229253397
0.296446047,0.22923071
0.296433738,0.229208021
0.296421441,0.229185331
0.296409157,0.229162639
0.296396886,0.229139946
0.296384628,0.229117251
0.296372383,0.229094555
0.296360152,0.229071858
0.296347933,0.229049159
0.296335728,0.229026459
0.296323536,0.229003757
0.296311358,0.228981054
0.296299193,0.22895835
0.296287042,0.228935644
0.296274904,0.228912937
0.296262779,0.228890228
0.296250669,0.228867518
0.296238572,0.228844807
0.296226489,0.228822094
0.296214419,0.22879938
0.296202364,0.228776664
0.296190323,0.228753947
0.296178295,0.228731229
0.296166282,0.228708509
0.296154283,0.228685788
0.296142298,0.228663066
0.296130327,0.228640342
0.29611837,0.228617617
0.296106428,0.22859489
0.296094501,0.228572162
0.296082587,0.228549433
0.296070689,0.228526702
0.296058804,0.22850397
0.296046935,0.228481237
0.29603508,0.228458502
0.29602324,0.228435766
0.296011415,0.228413028
0.295999605,0.228390289
0.295987809,0.228367549
0.295976029,0.228344808
0.295964263,0.228322065
0.295952513,0.22829932
0.295940778,0.228276575
0.295929058,0.228253828
0.295917354,0.22823108
0.295905665,0.22820833
0.295893991,0.228185579
0.295882332,0.228162827
0.29587069,0.228140073
0.295859062,0.228117319
0.295847451,0.228094562
0.295835855,0.228071805
0.295824275,0.228049046
0.29581271,0.228026286
0.295801162,0.228003524
0.295789629,0.227980761
0.295778113,0.227957997
0.295766612,0.227935232
0.295755128,0.227912465
0.295743659,0.227889697
0.295732207,0.227866928
0.295720772,0.227844157
0.295709352,0.227821385
0.295697949,0.227798612
0.295686563,0.227775837
0.295675193,0.227753061
0.29566384,0.227730284
0.295652503,0.227707506
0.295641183,0.227684726
0.29562988,0.227661945
0.295618593,0.227639163
0.295607324,0.227616379
0.295596071,0.227593594
0.295584835,0.227570808
0.295573617,0.227548021
0.295562416,0.227525232
0.295551231,0.227502442
0.295540064,0.227479651
0.295528915,0.227456859
0.295517782,0.227434065
0.295506668,0.22741127
0.29549557,0.227388473
0.29548449,0.227365676
0.295473428,0.227342877
0.295462384,0.227320077
0.295451357,0.227297276
0.295440348,0.227274473
0.295429357,0.227251669
0.295418384,0.227228864
0.295407428,0.227206058
0.295396491,0.227183251
0.295385572,0.227160442
0.295374671,0.227137632
0.295363788,0.227114821
0.295352924,0.227092008
0.295342078,0.227069194
0.29533125,0.227046379
0.295320441,0.227023563
0.29530965,0.227000746
0.295298878,0.226977927
0.295288125,0.226955107
0.29527739,0.226932286
0.295266674,0.226909464
0.295255977,0.226886641
0.295245299,0.226863816
0.29523464,0.22684099
0.295224,0.226818163
0.295213379,0.226795334
0.295202777,0.226772505
0.295192194,0.226749674
0.295181631,0.226726842
0.295171087,0.226704009
0.295160562,0.226681175
0.295150057,0.226658339
0.295139571,0.226635502
0.295129105,0.226612664
0.295118659,0.226589825
0.295108232,0.226566985
0.295097825,0.226544143
0.295087438,0.226521301
0.295077071,0.226498457
0.295066724,0.226475612
0.295056396,0.226452766
0.295046089,0.226429918
0.295035802,0.22640707
0.295025536,0.22638422
0.295015289,0.226361369
0.295005063,0.226338517
0.294994858,0.226315663
0.294984672,0.226292809
0.294974508,0.226269953
0.294964364,0.226247097
0.29495424,0.226224239
0.294944138,0.22620138
0.294934056,0.22617852
0.294923995,0.226155658
0.294913955,0.226132796
0.294903936,0.226109932
0.294893938,0.226087067
0.294883961,0.226064201
0.294874006,0.226041334
0.294864071,0.226018466
0.294854158,0.225995596
0.294844266,0.225972726
0.294834396,0.225949854
0.294824547,0.225926982
0.29481472,0.225904108
0.294804914,0.225881233
0.29479513,0.225858356
0.294785368,0.225835479
0.294775628,0.225812601
0.29476591,0.225789721
0.294756213,0.22576684
0.294746539,0.225743959
0.294736887,0.225721076
0.294727256,0.225698192
0.294717648,0.225675307
0.294708063,0.22565242
0.2946985,0.225629533
0.294688959,0.225606645
0.29467944,0.225583755
0.294669944,0.225560865
0.294660471,0.225537973
0.294651021,0.22551508
0.294641593,0.225492186
0.294632188,0.225469291
0.294622806,0.225446395
0.294613447,0.225423498
0.29460411,0.225400599
0.294594797,0.2253777
0.294585508,0.2253548
0.294576241,0.225331898
0.294566997,0.225308995
0.294557777,0.225286092
0.294548581,0.225263187
0.294539407,0.225240281
0.294530258,0.225217374
0.294521132,0.225194466
0.294512029,0.225171557
0.294502951,0.225148647
0.294493896,0.225125736
0.294484865,0.225102824
0.294475858,0.22507991
0.294466875,0.225056996
0.294457916,0.22503408
0.294448981,0.225011164
0.294440071,0.224988246
0.294431185,0.224965328
0.294422323,0.224942408
0.294413485,0.224919488
0.294404672,0.224896566
0.294395884,0.224873643
