0.0,0.0,0.0,0.0,0.0,0.0,0.0,0.0,0.0,0.0,0.0,0.0,0.0,0.0,0.0,0.0,0.0,0.0,0.0,0.0,0.0,0.0,0.0,0.0,0.0,0.0,0.0,0.0,0.0,0.0,0.0,0.0,0.0,0.0,0.0,0.0,0.0,0.0,0.0,0.0,0.0,0.0,0.0,0.0,0.0,0.0,0.0,0.0,0.0,0.0,0.0,0.0,0.0,0.0,0.0,0.0,0.0,0.0,0.0,0.0,0.0,0.0,0.0,0.0,0.0,0.0,0.0,0.0,0.0,0.0,0.0,0.0,0.0,0.0,0.0,0.0,0.0,0.0,0.0,0.0,0.0,0.0,0.0,0.0,0.0,0.0,0.0,0.0,0.0,0.0,0.0,0.0,0.0,0.0,0.0,0.0,0.0,0.0,0.0,0.0,0.0,0.0,0.0,0.0,0.0,0.0,0.0,0.0,0.0,0.0,0.0,0.0,0.0,0.0,0.0,0.0,0.0,0.0,0.0,0.0,0.0,0.0,0.0,0.0,0.0,0.0,0.0,0.0,0.0,0.0,0.0,0.0,0.0,0.0,0.0,0.0,0.0,0.0,0.0,0.0,0.0,0.0,0.0,0.0,0.0,0.0,0.0,0.0,0.0,0.0,0.0,0.0,0.0,0.0,0.0,0.0,0.0,0.0,0.0,0.0,0.0,0.0,0.0,0.0,0.0,0.0,0.0,0.0,0.0,0.0,0.0,0.0,0.0,0.0,0.0,0.0,0.0,0.0,0.0,0.0,0.0,0.0,0.0,0.0,0.0,0.0,0.0,0.0,0.0,0.0,0.0,0.0,0.0,0.0,0.0,0.0,0.0,0.0,0.0,0.0,0.0,0.0,0.0,0.0,0.0,0.0,0.0,0.0,0.0,0.0,0.0,0.0,0.0,0.0,0.0,0.0,0.0,0.0,0.0,0.0,0.0,0.0,0.0,0.0,0.0,0.0,0.0,0.0,0.0,0.0,0.0,0.0,0.0,0.0,0.0,0.0,0.0,0.0,0.0,0.0,0.0,0.0,0.0,0.0,0.0,0.0,0.0,0.0,0.0,0.0,0.0,0.0,0.0,0.0,0.0,0.0,0.0,0.0,0.0,0.0,0.0,0.0,0.0,0.0,0.0,0.0,0.0,0.0,0.0,0.0,0.0,0.0,0.0,0.0,0.0,0.0,0.0,0.0,0.0,0.0,0.0,0.0,0.0,0.0,0.0,0.0,0.0,0.0,0.0,0.0,0.0,0.0,0.0,0.0,0.0,0.0,0.0,0.0,0.0,0.0,0.0,0.0,0.0,0.0,0.0,0.0,0.0,0.0,0.0,0.0,0.0,0.0,0.0,0.0,0.0,0.0,0.0,0.0,0.0,0.0,0.0,0.0,0.0,0.0,0.0,0.0,0.0,0.0,0.0,0.0,0.0,0.0,0.0,0.0,0.0,0.0,0.0,0.0,0.0,0.0,0.0,0.0,0.0,0.0,0.0,0.0,0.0,0.0,0.0,0.0,0.0,0.0,0.0,0.0,0.0,0.0,0.0,0.0,0.0,0.0,0.0,0.0,0.0,0.0,0.0,0.0,0.0,0.0,0.0,0.0,0.0,0.0,0.0,0.0,0.0,0.0,0.0,0.0,0.0,0.0,0.0,0.0,0.0,0.0,0.0,0.0,0.0,0.0,0.0,0.0,0.0,0.0,0.0,0.0,0.0,0.0,0.0,0.0,0.0,0.0,0.0,0.0,0.0,0.0,0.0,0.0,0.0,0.0,0.0,0.0,0.0,0.0,0.0,0.0,0.0,0.0,0.0,0.0,0.0,0.0,0.0,0.0,0.0,0.0,0.0,0.0,0.0,0.0,0.0,0.0,0.0,0.0,0.0,0.0,0.0,0.0,0.0,0.0,0.0,0.0,0.0,0.0,0.0,0.0,0.0,0.0,0.0,0.0,0.0,0.0,0.0,0.0,0.0,0.0,0.0,0.0,0.0,0.0,0.0,0.0,0.0,0.0,0.0,0.0,0.0,0.0,0.0,0.0,0.0,0.0,0.0,0.0,0.0,0.0,0.0,0.0,0.0,0.0,0.0,0.0,0.0,0.0,0.0,0.0,0.0,0.0,0.0,0.0,0.0,0.0,0.0,0.0,0.0,0.0,0.0,0.0,0.0,0.0,0.0,0.0,0.0,0.0,0.0,0.0,0.0,0.0,0.0,0.0,0.0,0.0,0.0,0.0,0.0,0.0,0.0,0.0,0.0,0.0,0.0,0.0,0.0,0.0,0.0,0.0,0.0,0.0,0.0,0.0,0.0,0.0,0.0,0.0,0.0,0.0,0.0,0.0,0.0,0.0,0.0,0.0,0.0,0.0,0.0,0.0,0.0,0.0,0.0,0.0,0.0,0.0,0.0,0.0,0.0,0.0,0.0,0.0,0.0,0.0,0.0,0.0,0.0,0.0,0.0,0.0,0.0,0.0,0.0,0.0,0.0,0.0,0.0,0.0,0.0,0.0,0.0,0.0,0.0,0.0,0.0,0.0,0.0,0.0,0.0,0.0,0.0,0.0,0.0,0.0,0.0,0.0,0.0,0.0,0.0,0.0,0.0,0.0,0.0,0.0,0.0,0.0,0.0,0.0,0.0,0.0,0.0,0.0,0.0,0.0,0.0,0.0,0.0,0.0,0.0,0.0,0.0,0.0,0.0,0.0,0.0,0.0,0.0,0.0,0.0,0.0,0.0,0.0,0.0,0.0,0.0,0.0,0.0,0.0,0.0,0.0,0.0,0.0,0.0,0.0,0.0,0.0,0.0,0.0,0.0,0.0,0.0,0.0,0.0,0.0,0.0,0.0,0.0,0.0,0.0,0.0,0.0,0.0,0.0,0.0,0.0,0.0,0.0,0.0,0.0,0.0,0.0,0.0,0.0,0.0,0.0,0.0,0.0,0.0,0.0,0.0,0.0,0.0,0.0,0.0,0.0,0.0,0.0,0.0,0.0,0.0,0.0,0.0,0.0,0.0,0.0,0.0,0.0,0.0,0.0,0.0,0.0,0.0,0.0,0.0,0.0,0.0,0.0,0.0,0.0,0.0,0.0,0.0,0.0,0.0,0.0,0.0,0.0,0.0,0.0,0.0,0.0,0.0,0.0,0.0,0.0,0.0,0.0,0.0,0.0,0.0,0.0,0.0,0.0,0.0,0.0,0.0,0.0,0.0,0.0,0.0,0.0,0.0,0.0,0.0,0.0,0.0,0.0,0.0,0.0,0.0,0.0,0.0,0.0,0.0,0.0,0.0,0.0,0.0,0.0,0.0,0.0,0.0,0.0,0.0,0.0,0.0,0.0,0.0,0.0,0.0,0.0,0.0,0.0,0.0,0.0,0.0,0.0,0.0,0.0,0.0,0.0,0.0,0.0,0.0,0.0,0.0,0.0,0.0,0.0,0.0,0.0,0.0,0.0,0.0,0.0,0.0,0.0,0.0,0.0,0.0,0.0,0.0,0.0,0.0,0.0,0.0,0.0,0.0,0.0,0.0,0.0,0.0,0.0,0.0,0.0,0.0,0.0,0.0,0.0,0.0,0.0,0.0,0.0,0.0,0.0,0.0,0.0,0.0,0.0,0.0,0.0,0.0,0.0,0.0,0.0,0.0,0.0,0.0,0.0,0.0,0.0,0.0,0.0,0.0,0.0,0.0,0.0,0.0,0.0,0.0,0.0,0.0,0.0,0.0,0.0,0.0,0.0,0.0,0.0,0.0,0.0,0.0,0.0,0.0,0.0,0.0,0.0,0.0,0.0,0.0,0.0,0.0,0.0,0.0,0.0,0.0,0.0,0.0,0.0,0.0,0.0,0.0,0.0,0.0,0.0,0.0,0.0,0.0,0.0,0.0,0.0,0.0,0.0,0.0,0.0,0.0,0.0,0.0,0.0,0.0,0.0,0.0,0.0,0.0,0.0,0.0,0.0,0.0,0.0,0.0,0.0,0.0,0.0,0.0,0.0,0.0,0.0,0.0,0.0,0.0,0.0,0.0,0.0,0.0,0.0,0.0,0.0,0.0,0.0,0.0,0.0,0.0,0.0,0.0,0.0,0.0,0.0,0.0,0.0,0.0,0.0,0.0,0.0,0.0,0.0,0.0,0.0,0.0,0.0,0.0,0.0,0.0,0.0,0.0,0.0,0.0,0.0,0.0,0.0,0.0,0.0,0.0,0.0,0.0,0.0,0.0,0.0,0.0,0.0,0.0,0.0,0.0,0.0,0.0,0.0,0.0,0.0,0.0,0.0,0.0,0.0,0.0,0.0,0.0,0.0,0.0,0.0,0.0,0.0,0.0,0.0,0.0,0.0,0.0,0.0,0.0,0.0,0.0,0.0,0.0,0.0,0.0,0.0,0.0,0.0,0.0,0.0,0.0,0.0,0.0,0.0,0.0,0.0,0.0,0.0,0.0,0.0,0.0,0.0,0.0,0.0,0.0,0.0,0.0,0.0,0.0,0.0,0.0,0.0,0.0,0.0,0.0,0.0,0.0,0.0,0.0,0.0,0.0,0.0,0.0,0.0,0.0,0.0,0.0,0.0,0.0,0.0,0.0,0.0,0.0,0.0,0.0,0.0,0.0,0.0,0.0,0.0,0.0,0.0,0.0,0.0,0.0,0.0,0.0,0.0,0.0,0.0,0.0,0.0,0.0,0.0,0.0,0.0,0.0,0.0,0.0,0.0,0.0,0.0,0.0,0.0,0.0,0.0,0.0,0.0,0.0,0.0,0.0,0.0,0.0,0.0,0.0,0.0,0.0,0.0,0.0,0.0,0.0,0.0,0.0,0.0,0.0,0.0,0.0,0.0,0.0,0.0,0.0,0.0,0.0,0.0,0.0,0.0,0.0,0.0,0.0,0.0,0.0,0.0,0.0,0.0,0.0,0.0,0.0,0.0,0.0,0.0,0.0,0.0,0.0,0.0,0.0,0.0,0.0,0.0,0.0,0.0,0.0,0.0,0.0,0.0,0.0,0.0,0.0,0.0,0.0,0.0,0.0,0.0,0.0,0.0,0.0,0.0,0.0,0.0,0.0,0.0,0.0,0.0,0.0,0.0,0.0,0.0,0.0,0.0,0.0,0.0,0.0,0.0,0.0,0.0,0.0,0.0,0.0,0.0,0.0,0.0,0.0,0.0,0.0,0.0,0.0,0.0,0.0,0.0,0.0,0.0,0.0,0.0,0.0,0.0,0.0,0.0,0.0,0.0,0.0,0.0,0.0,0.0,0.0,0.0,0.0,0.0,0.0,0.0,0.0,0.0,1.7984532730307503e-12,2.9546957993325686e-11,1.501384138865915e-10,4.722987385698342e-10,1.1422583310046987e-09,2.3397189875058512e-09,4.274131597665328e-09,7.181270537078902e-09,1.1320082824516531e-08,1.6969791702154558e-08,2.442723577358701e-08,3.400442620384426e-08,4.602630575625438e-08,6.08286946198235e-08,7.87564090745006e-08,1.0016154005637627e-07,1.2540187962623857e-07,1.5483948421826417e-07,1.8883936435586415e-07,2.2776829127338163e-07,2.719937115796857e-07,3.218827617466322e-07,3.7780137480551247e-07,4.401134721913532e-07,5.091802341914132e-07,5.853594429333192e-07,6.690048922927266e-07,7.604658595126646e-07,8.600866337091375e-07,9.682060967922903e-07,1.085157352661488e-06,1.211267400837839e-06,1.346856850980792e-06,1.4922396749979753e-06,1.6477229937009613e-06,1.813606895185507e-06,1.9901842823242666e-06,2.1777407469542166e-06,2.376554468521201e-06,2.586896135111039e-06,2.809028884951563e-06,3.043208266613567e-06,3.2896822162718915e-06,3.548691050511306e-06,3.820467473276374e-06,4.105236595670656e-06,4.403215967408938e-06,4.714615618817512e-06,5.039638112361956e-06,5.378478602760376e-06,5.73132490481261e-06,6.0983575681432495e-06,6.479749958118735e-06,6.875668342256608e-06,7.28627198149847e-06,7.711713225767977e-06,8.152137613280972e-06,8.607683973117658e-06,9.078484530605993e-06,9.564665263160004e-06,1.0066347044794083e-05,1.0583673120156886e-05,1.1116803654692441e-05,1.1665953497152225e-05,1.2231362125247388e-05,1.2813296295388397e-05,1.341204647763385e-05,1.4027923584118352e-05,1.4661255969086671e-05,1.5312386680251534e-05,1.5981670942667325e-05,1.6669473857680568e-05,1.737616830078743e-05,1.8102133003407005e-05,1.884775080467077e-05,1.961340706034359e-05,2.0399488196931115e-05,2.1206380399901283e-05,2.2034468425757116e-05,2.288413452844839e-05,2.3755757491306512e-05,2.4649711756333075e-05,2.5566366643271508e-05,2.65060856514478e-05,2.7469225837881027e-05,2.8456137265643733e-05,2.9467162516895108e-05,3.0502636265421715e-05,3.156288490390225e-05,3.2648226221466544e-05,3.3758969127447696e-05,3.489541341753022e-05,3.605784957878005e-05,3.724655863030352e-05,3.846181199652581e-05,3.970387141030383e-05,4.097298884329837e-05,4.226940646122272e-05,4.35933566017654e-05,4.49450617731508e-05,4.6324734671455655e-05,4.773257821494217e-05,4.91687855938021e-05,5.063354033382783e-05,5.212701637264116e-05,5.364937814721609e-05,5.520078069152886e-05,5.678136974326101e-05,5.839128185856291e-05,6.003064453396527e-05,6.169957633459633e-05,6.339818702793108e-05,6.512657772235897e-05,6.688484100991583e-05,6.867306111257627e-05,7.049131403155482e-05,7.233966769910754e-05,7.421818213236845e-05,7.612690958879492e-05,7.80658952076252e-05,8.003517701537981e-05,8.203482201886215e-05,8.406489360440881e-05,8.612552781523272e-05,8.82168782125431e-05,9.033912479902902e-05,9.249247049507039e-05,9.467713790742531e-05,9.689336636853994e-05,9.914140922621931e-05,0.0001014215313648697,0.00010373400694089329,0.00010607911731608392,0.00010845714917405025,0.00011086839280578675,0.00011331314055152303,0.0001157916853869257,0.00011830431964259712,0.00012085133384662402,0.00012343301568068114,0.00012604964904089025,0.00012870151319527976,0.00013138888203029136,0.0001341120233793341,0.00013687119842690097,0.0001396666611822446,0.0001424986580170472,0.0001453674272619354,0.00014827319885706965,0.00015121619405239167,0.0001541966251534425,0.00015721469530896752,0.00016027059833680692,0.0001633645185848303,0.00016649663082392017,0.00016966710017023013,0.00017287608203415527,0.00017612372209364208,0.00017941015628964948,0.00018273551084173375,0.000186099902281888,0.0001895034375049067,0.00019294621383368057,0.0001964283190979481,0.0001999498317251453,0.00020351082084209908,0.00020711134638640846,0.0002107514592264477,0.0002144312012890086,0.00021815060569368042,0.0002219096968931309,0.00022570849081852816,0.0002295469950293935,0.00023342520886724343,0.00023734312361242454,0.0002413007226435967,0.00024529798159936495,0.0002493348685416033,0.00025341134412005026,0.000257527362053802,0.0002616828698239672,0.00026587784753649815,0.0002701122608331017,0.0002743861598405207,0.00027869960877180514,0.00028305269868430074,0.0002874455439625874,0.00029187827909361966,0.0002963510557122251,0.00030086403989670283,0.0003054174096957408,0.0003100113528692375,0.0003146460648268822,0.0003193217467495271,0.0003240386038794794,0.0003287968439668421,0.0003335966758599929,0.00033843830822914207,0.00034332194841273463,0.0003482478013772015,0.0003532160687812691,0.0003582269481366736,0.0003632806320577364,0.00036837730759279935,0.0003735171556310456,0.00037870035037870325,0.00038392705889907274,0.0003891974407112329,0.0003945116474426579,0.00039986982253133885,0.0004052721009733161,0.00041071860911185375,0.00041620946446474917,0.00042174477558655065,0.0004273246419626787,0.0004329491539326919,0.00043861839264013134,0.0004443324300065809,0.00045009132872774794,0.0004558951422895548,0.00046174391500236026,0.00046763768205159795,0.0004735764695632289,0.000479560294682548,0.00048558916566497764,0.0004916630819776092,0.0004977820344103291,0.0005039460051954712,0.0005101549681350177,0.0005164088887344441,0.0005227077243423786,0.0005290514242953143,0.0005354399300666758,0.0005418731754195853,0.0005483510865627537,0.0005548735823089374,0.0005614405742354727,0.000568051966846432,0.0005747076577359828,0.0005814075381052556,0.0005881514933006337,0.000594939443807239,0.0006017712904007258,0.0006086470245553905,0.0006155666504125407,0.0006225301994496069,0.0006295377269613695,0.0006365893088333349,0.0006436850385854251,0.0006508250246657154,0.000658009387975452,0.0006652382596079216,0.0006725117787850452,0.0006798300909767228,0.0006871933461890498,0.0006946016974085566,0.0007020552991905433,0.0007095543063804607,0.0007170988729581024,0.0007246891509951132,0.0007323252897170279,0.0007400074346616837,0.000747735726926466,0.0007555103024973874,0.0007633312916535306,0.0007711988184408426,0.000779113000209736,0.0007870739472113455,0.000795081762247675,0.0008031365403712265,0.0008112383686300253,0.0008193873258542658,0.0008275834824810822,0.0008358269004142037,0.0008441176329155042,0.0008524557245256823,0.0008608412110115044,0.0008692741193372524,0.0008777544676581877,0.0008862822653340035,0.0008948575129604086,0.0009034802024171102,0.0009121503169306147,0.0009208678311503637,0.0009296327112368595,0.000938444914960525,0.0009473043918101502,0.0009562110831098607,0.0009651649221436241,0.0009741658342864023,0.00098321373714112,0.0009923085406806783,0.00100145014739432,0.001010638452437703,0.0010198733437860852,0.0010291547023900949,0.0010384824023335598,0.0010478563109929697,0.0010572762891981453,0.0010667421917599687,0.0010762538862159987,0.001085811221485896,0.0010954140799515025,0.00110506241879283,0.001114756207509457,0.0011244954432815734,0.001134280147448554,0.001144110362279679,0.0011539861480151744,0.0011639075801573129,0.0011738747469927922,0.0011838877473289847,0.001193946688427913,0.0012040516841229764,0.0012142028531045746,0.001224400317361746,0.001234644200767923,0.0012449346277997383,0.0012552717223786446,0.0012656556068258759,0.001276086400921932,0.0012865642210624596,0.0012970891795029721,0.0013076613836854108,0.001318280935640083,0.0013289479314569667,0.0013396624608208291,0.00135042460660501,0.0013612344445191077,0.0013720920428061654,0.0013829974619852588,0.0013939507546357202,0.0014049519652194944,0.0014160011299383978,0.0014270982766232767,0.0014382434246523225,0.001449436584895945,0.0014606777596858768,0.0014719669428062989,0.0014833041195049725,0.0014946892665225143,0.0015061223521380812,0.00151760333622989,0.0015291321703490865,0.0015407087978056091,0.001552333153764814,0.0015640051653536917,0.0015757247517756143,0.0015874918244326497,0.0015993062870545247,0.0016111680358334153,0.0016230769595638067,0.0016350329397867116,0.0016470358509376136,0.0016590855604975375,0.0016711819291467048,0.0016833248109202866,0.0016955140533657861,0.0017077494977016483,0.0017200309793437224,0.0017323583466756132,0.001744731429506743,0.0017571500916330654,0.0017696142716159622,0.0017821239206068248,0.0017946790176412413,0.001807279566115615,0.00181992559055596,0.0018326171336570192,0.0018453542535714614,0.0018581370214303698,0.0018709655190776175,0.0018838398370019716,0.0018967600724519808,0.0019097263277197635,0.0019227387085808253,0.0019357973228780075,0.0019489022792385006,0.0019620536859136935,0.0019752516497323538,0.0019884962751583776,0.002001787663444937,0.002015125911877456,0.002028511113098484,0.0020419433545079313,0.002055422717732687,0.0020689492781600814,0.0020825231045300038,0.002096144258580955,0.0021098127947456013,0.0021235287598917493,0.0021372921931049767,0.0021511031255093843,0.0021649615801233044,0.0021788675717468735,0.0021928211068788185,0.002206822183659792,0.002220870791839946,0.002234966912768557,0.0022491105194036606,0.0022633015763398466,0.00227754003985247,0.00229182585795671,0.002306158970480001,0.002320539309146464,0.0023349667976721128,0.0023494413518696487,0.002363962879761841,0.00237853128170243,0.0023931464505037433,0.0024078082715701097,0.002422516623036388,0.0024372713759108398,0.0024520723942217577,0.0024669195351672284,0.0024818126492674843,0.0024967515805193676,0.002511736166552446,0.002526766238786359,0.0025418416233111236,0.002556962140292627,0.002572127646095716,0.0025873379777389,0.0026025930642843056,0.002617892847773794,0.0026332372982440233,0.0026486264102018936,0.0026640601993921705,0.0026795386998354673,0.0026950619611162893,0.0027106300459023946,0.0027262430276780597,0.002741900988675067,0.0027576040179864993,0.0027733522098494405,0.0027891456620837076,0.0028049844746747517,0.0028208687484895948,0.002836798584115643,0.0028527740808128297,0.002868795335570346,0.0028848624422597477,0.00290097549087696,0.0029171345668661257,0.0029333397505188663,0.0029495911164429244,0.002965888733094648,0.0029822326623701583,0.0029986229592504484,0.0030150596714960077,0.003031542839386853,0.003048072495504245,0.00306464866455053,0.0030812713632039327,0.003097940600005257,0.0031146563752737612,0.0031314186810496372,0.003148227501060707,0.003165082810711188,0.0031819845770904827,0.0031989327590001234,0.003215927306997157,0.003232968163452381,0.0032500552626219467,0.0032671885307309916,0.0032843678860680326,0.0033015932390889962,0.003318864492529777,0.003336181541526393,0.003353544273741819,0.003370952569498648,0.003388406301916862,0.003405905337055961,0.003423449534060859,0.0034410387453108968,0.003458672816571501,0.003476351587147915,0.003494074890040611,0.0035118425521019248,0.0035296543948975133,0.0035475102338260915,0.003565409921089537,0.003583353289968455,0.0036013402647836726,0.0036193707833662736,0.00363744481159923,0.0036555623398922066,0.003673723379948558,0.003691927961802664,0.0037101761311073597,0.00372846794665268,0.0037468034780985013,0.0037651828039049436,0.0037836060094455504,0.0038020731852894014,0.0038205844256392657,0.003839139826913907,0.003857739486463471,0.0038763835014077016,0.0038950719675875573,0.003913804978621354,0.003932582625057339,0.003951404993615142,0.00397027216650911,0.003989184220847004,0.004008141228098131,0.004027143253625304,0.004046190356275503,0.004065282588024455,0.004084419993670749,0.004103602610575392,0.004122830468442992,0.0041421035891411485,0.004161421986554753,0.004180785666472203,0.00420019462650081,0.004219648856008809,0.004239148336091597,0.004258693039560048,0.004278282930948823,0.0042979179665428805,0.004317598094420454,0.004337323254510805,0.004357093378665403,0.0043769083907411336,0.004396768206694269,0.004416672734684093,0.004436621875185015,0.004456615521106347,0.0044766535579187,0.004496735863786282,0.004516862309704225,0.004537032759640377,0.0045572470706807585,0.00457750509317823,0.004597806670903747,0.004618151641199737,0.0046385398351351135,0.004658971077661579,0.0046794451884536485,0.004699961981794704,0.004720521306098199,0.004741122994729031,0.0047617669696670166,0.0047824531670205405,0.004803181550978326,0.004823952110283904,0.004844764855002276,0.004865619813556926,0.004886517030016911,0.0049074565616153126,0.004928438476481545,0.004949462851571435,0.0049705297707801094,0.004991639323223779,0.005012791601677621,0.0050339867011577515,0.005055224717636337,0.005076505746879523,0.005097829883398728,0.005119197219506536,0.0051406078444689585,0.005162061843746634,0.00518355929831786,0.0052051002840770265,0.005226684871302491,0.005248313124188248,0.0052699851004343315,0.005291700850891138,0.0053134604192532926,0.005335263841798922,0.005357111147170618,0.005379002356194555,0.005400937481734542,0.005422916528578005,0.005444939493351151,0.005467006364460738,0.005489117122060066,0.005511271738037075,0.00553347017602242,0.0055557123914157696,0.0055779983314285,0.005600327935141286,0.005622701133575035,0.005645117849773888,0.005667577998898981,0.005690081488331816,0.005712628217786214,0.005735218079427858,0.005757850958000496,0.005780526730958015,0.005803245268601613,0.005826006434221325,0.005848810084241339,0.005871656068368451,0.005894544229743123,0.005917474405092671,0.005940446424886104,0.005963460113490229,0.005986515289987394,0.006009611767479965,0.006032749394828789,0.006055928004861635,0.00607914751871526,0.00610240787199946,0.006125709028418151,0.0061490509762436585,0.006172433725083229,0.00619585730291586,0.006219321753379261,0.006242827133288089,0.006266373510366145,0.006289960961176277,0.0063135895692331126,0.006337259423284703,0.006360970615750231,0.006384723241301856,0.006408517395579654,0.006432353174029416,0.006456230670853797,0.006480149978068047,0.006504111184652173,0.006528114375791952,0.006552159632201849,0.006576247029523322,0.00660037663779252,0.006624548520971876,0.006648762736540349,0.006673019335137609,0.006697318360257785,0.006721659847988616,0.006746043826792274,0.006770470317324374,0.0067949393322878976,0.006819450876319041,0.006844004945902287,0.006868601529312024,0.006893240606578444,0.006917922149475515,0.0069426461215289425,0.006967412478042361,0.00699222116613991,0.007017072124823711,0.007041965285044709,0.007066900569785559,0.007091877894154255,0.007116897165487431,0.007141958283462204,0.007167061140215601,0.007192205620470667,0.007217391601668446,0.007242618954105031,0.007267887541073024,0.00729319721900674,0.007318547837630562,0.007343939240109908,0.007369371263204328,0.007394843737422256,0.007420356487177004,0.007445909331262909,0.007471502083515843,0.007497134591803573,0.007522806690496937,0.007548518300073019,0.007574269356228864,0.0076000598227621,0.007625889688045201,0.0076517589617918595,0.0076776676720937635,0.007703615862707473,0.007729603590572588,0.007755630923543842,0.00778169793832095,0.007807804718561263,0.007833951353161327,0.007860137934694525,0.007886364557992843,0.007912631318861742,0.007938938312917887,0.007965285634540216,0.00799167337592562,0.00801810162624101,0.008044570470864293,0.00807107999070719,0.008097630261613474,0.008124221353826669,0.008150853331521477,0.008177526252394032,0.008204240167305981,0.008230995119978211,0.008257791146729889,0.008284628276259247,0.008311506529462548,0.008338425919287904,0.008365386450621142,0.008392388120200735,0.008419430916559386,0.008446514819989924,0.008473639802533153,0.008500805827985795,0.008528012851926607,0.008555260821758916,0.008582549676768046,0.008609879348192085,0.008637249759304737,0.008664660825508909,0.008692112454439934,0.008719604546077387,0.00874713699286445,0.008774709679833978,0.008802322484740428,0.008829975278196853,0.008857667923816332,0.008885400278357138,0.00891317219187099,0.008940983507854024,0.008968834063399857,0.008996723689354238,0.00902465221047105,0.009052619445877392,0.009080625209790182,0.009108669349802475,0.009136751701829699,0.009164872186115135,0.009193030738714927,0.009221227323788753,0.009249461930074023,0.009277734567652242,0.009306045264985722,0.009334394066204467,0.009362781028624258,0.009391206220478726,0.009419669718849166,0.009448171607777122,0.009476711976545963,0.009505290918118445,0.009533908527718486,0.00956256490154597,0.009591260135614432,0.009619994324702143,0.0096487675614077,0.009677579935302069,0.009706431532169586,0.009735322433330664,0.009764252715040085,0.009793222447954547,0.009822231696664189,0.009851280519282742,0.009880368967091602,0.009909497084233486,0.009938664907451511,0.009967872465869904,0.00999711978081295,0.010026406865658795,0.010055733725725232,0.010085100358184692,0.010114506752005726,0.010143952887918903,0.010173438738404638,0.010202964267701078,0.010232529431830228,0.010262134178640463,0.010291778447863881,0.010321462171187097,0.010351185272334057,0.010380947667159576,0.010410749263752574,0.010440589962547837,0.010470469656445363,0.010500388230936443,0.010530345564235499,0.010560341527417104,0.010590375984557403,0.010620448792879184,0.01065055980290021,0.010680708858584105,0.01071089579749337,0.010741120450944103,0.010771382644161904,0.010801682196736164,0.010832018923372197,0.01086239267148315,0.01089280327877466,0.010923250665307716,0.010953734767618092,0.010984255550346388,0.011014813002712166,0.011045407135280296,0.011076037976997667,0.011106705572480008,0.01113740997953001,0.011168151266869349,0.011198929512068476,0.011229744799659248,0.011260597219416413,0.011291486864795168,0.011322413831512935,0.011353378216264164,0.01138438011555797,0.011415419624669205,0.01144649683669406,0.01147761184170209,0.011508764725977142,0.011539955571340113,0.011571184454547183,0.011602451446757403,0.011633756613064155,0.01166510001208528,0.011696481695607186,0.011727901708278464,0.011759360087348935,0.011790856862450391,0.011822392055415472,0.011853965680131499,0.011885577742426264,0.011917228239982917,0.011948917162281551,0.011980644490565006,0.012012410197826718,0.012044214248818587,0.0120760566000771,0.012107937199965784,0.012139855988732622,0.01217181289858079,0.012203807853751454,0.012235840770617316,0.012267911557785819,0.012300020116210942,0.012332166339312464,0.012364350113102078,0.012396571316315249,0.012428829820548156,0.012461125490399138,0.012493458183613752,0.01252582775123307,0.012558234037744616,0.012590676881235318,0.012623156113546247,0.01265567156042845,0.012688223042273393,0.012720810388035677,0.012753433416789623,0.012786091982188885,0.012818786004283466,0.012851515420137159,0.012884280194919027,0.01291708031837757,0.012949915801607042,0.012982786674084158,0.013015692980954894,0.013048634780552635,0.013081612142130127,0.013114625143789358,0.01314767387059406,0.013180758412851278,0.013213878864548901,0.013247035321937385,0.01328022788224461,0.013313456642513467,0.013346721698552933,0.013380023143993669,0.013413361069440063,0.013446735561711078,0.013480146703163097,0.013513594571088089,0.013547079237181186,0.013580600767072164,0.013614159219915541,0.013647754648034712,0.013681387096615528,0.013715056603445342,0.013748763198693751,0.01378250690473146,0.013816287735984114,0.01385010569881807,0.013883960791455293,0.013917853003914935,0.013951782317979123,0.013985748707180789,0.014019752136811586,0.014053792563947924,0.014087869937493495,0.014121984198236633,0.014156135278921067,0.014190323104328708,0.014224547591373196,0.014258808649203088,0.014293106179313638,0.014327440075666099,0.014361810224813792,0.01439621650603395,0.014430658791464728,0.014465136946246541,0.014499650828667172,0.014534200290310115,0.014568785176205367,0.01460340532498254,0.014638060569025443,0.014672750734628067,0.014707475642704236,0.014742235108516143,0.014777028979804981,0.014811857097346757,0.014846719381273866,0.014881615769194067,0.014916546226820458,0.01495151074444566,0.014986509333708107,0.015021542024628793,0.015056608862898025,0.01509170990739357,0.015126845227912666,0.015162014903101794,0.015197219018569262,0.015232457665166746,0.015267730937426793,0.015303038932144589,0.01533838174709275,0.01537375947985895,0.015409172226797016,0.015444620082082462,0.01548010313686452,0.01551562147850709,0.015551175189911481,0.015586764348914586,0.015622389027756502,0.015658049292611966,0.015693745203180492,0.015729476812330456,0.015765244165792672,0.015801047301899473,0.015836886251365444,0.015872761037106258,0.015908671674092562,0.015944618169235633,0.015980600521302405,0.016016618720856926,0.016052672750226246,0.01608876258348815,0.016124888186479173,0.016161049516820566,0.016197246523960783,0.01623347914923295,0.016269747325925555,0.01630605097936518,0.016342390027010135,0.016378764378553574,0.01641517393603534,0.016451618593961215,0.01648809823942898,0.01652461275226032,0.016561162005137752,0.016597745863746044,0.01663436418691723,0.016671016826778986,0.01670770362890548,0.01674442443247037,0.016781179070401525,0.01681796736953686,0.016854789151047607,0.016891644231320762,0.016928532457816302,0.016965453672908866,0.017002407796749937,0.017039394767490786,0.017076414551387958,0.017113467139277402,0.017150552543340827,0.01718767079414241,0.017224821937915528,0.017262006034080936,0.017299223152978802,0.017336473373798414,0.017373756782690836,0.01741107347105033,0.017448423533951984,0.017485807068733435,0.017523224173709603,0.017560674947010458,0.01759815948553189,0.01763567788399145,0.017673230234080357,0.017710816623704263,0.017748437136306174,0.01778609185026458,0.017823780838361093,0.017861504167311797,0.017899261897357487,0.01793705408190764,0.01797488076723415,0.01801274199221024,0.01805063778809126,0.01808856817833358,0.01812653317844835,0.01816453279588729,0.018202567029957616,0.018240635871763593,0.01827873930417227,0.0183168773018014,0.018355049831027266,0.018393256850010777,0.01843149830873998,0.01846977414908735,0.018508084304880632,0.01854642870198555,0.018584807258399408,0.018623219884354246,0.018661666482428597,0.01870014694766686,0.018738661167705263,0.01877720902290376,0.01881579038648306,0.018854405124665886,0.018893053096822234,0.018931734155617472,0.018970448147163387,0.01900919491117107,0.01904797428110568,0.019086786084342288,0.01912563014257931,0.019164506272753307,0.019203414322322518,0.0192423541352762,0.019281325631759712,0.01932032875046059,0.019359363458171484,0.019398429746264243,0.01943752762745641,0.01947665713284778,0.019515818309207213,0.019555011216490812,0.019594235925573897,0.019633492516180757,0.019672781074997286,0.019712101693952464,0.019751454468655904,0.019790839496979587,0.019830256877772665,0.019869706709699113,0.019909189090188732,0.01994870411449278,0.01998825187483598,0.020027832459657415,0.020067445952933315,0.020107092433575217,0.0201467719748976,0.020186484644149308,0.020226230502103624,0.020266009602702445,0.02030582199274986,0.020345667711651107,0.020385546791193497,0.020425459255365045,0.02046540512020843,0.020505384393706746,0.02054539707569841,0.020585443157818673,0.020625522623465453,0.020665635447787177,0.020705781597690594,0.020745961031866957,0.020786173700834434,0.020826419546995514,0.020866698504707702,0.02090701050036634,0.02094735545249818,0.02098773327186453,0.021028143861573024,0.021068587117196905,0.0211090629269012,0.021149571171574406,0.021190111724965578,0.021230684453825636,0.021271289218052596,0.02131192587083967,0.02135259425882629,0.021393294222251034,0.021434025595106345,0.02147478820529439,0.021515581875277887,0.021556406434331998,0.02159726170551605,0.02163814754677406,0.021679063878240014,0.021720010639127044,0.021760987796753208,0.021801995343015638,0.021843033291156912,0.021884101672801713,0.021925200535243633,0.021966329938963296,0.022007489955360362,0.02204868066468336,0.022089902154142162,0.022131154516189563,0.022172437846958833,0.02221375224484543,0.022255097809221767,0.022296474639274925,0.022337882832957637,0.02237932248604389,0.02242079369128097,0.022462296537630336,0.022503831109590422,0.02254539748659477,0.022586995742479684,0.02262862594501565,0.022670288155497414,0.022711982428388178,0.02275370881101307,0.02279546734329833,0.02283725805755186,0.02287908097828228,0.022920936122052638,0.022962823497366162,0.02300474310458126,0.023046694935852943,0.023088678975098774,0.02313069519798656,0.02317274357194234,0.023214824056176368,0.02325693660172565,0.023299081151511327,0.023341257640409424,0.02338346599533358,0.023425706135328635,0.023467977971673784,0.023510281407994393,0.02355261634038128,0.02359498265751676,0.023637380240806503,0.023679808964516522,0.023722268695914515,0.023764759295415046,0.023807280616727766,0.02384983250700826,0.02389241480701113,0.02393502735124461,0.023977669968126558,0.024020342480616488,0.02406304470625991,0.024105776492756775,0.024148537687159827,0.02419132820964717,0.024234147999946817,0.024276997025891485,0.0243198752798928,0.02436278277570763,0.024405719545474765,0.024448685637001668,0.024491681111282634,0.024534706040230822,0.024577760504608016,0.024620844592137158,0.02466395839578392,0.02470710201219425,0.024750275540276062,0.024793479079914055,0.024836712730807353,0.024879976591420584,0.024923270758039406,0.024966595323922564,0.025009950378542763,0.025053336006909496,0.02509675228896716,0.02514019929906276,0.025183677105477163,0.025227185770015443,0.025270725347650805,0.02531429588621824,0.02535789742615366,0.025401530000274404,0.025445193633598352,0.02548888834319758,0.02553261413808419,0.025576371019125205,0.025620158978984137,0.02566397800208672,0.025707828064608838,0.02575170913448436,0.02579562117143118,0.025839564126993772,0.025883537944600528,0.025927542559634458,0.02597157789951607,0.026015643883796808,0.026059740424262356,0.02610386742504427,0.02614802478273942,0.02619221238653595,0.02623643011834519,0.026280677852938552,0.026324955458088998,0.0263692627947161,0.02641359971703437,0.02645796607270399,0.02650236170298401,0.026546786442886914,0.026591240121334528,0.026635722561772088,0.026680233582283667,0.026724773030618675,0.026769340755209325,0.026813936676297705,0.026858560734114637,0.02690321289699547,0.02694789315785426,0.02699260153095011,0.027037338048923797,0.027082102760084624,0.027126895725928527,0.02717171701887006,0.027216566720172235,0.027261444918059007,0.02730635170599689,0.02735128718113246,0.027396251442874057,0.027441244591606632,0.02748626672752931,0.02753131794960654,0.027576398354623586,0.027621508036338657,0.027666647084723668,0.027711815585287167,0.027757013618472385,0.027802241259124907,0.02784749857602411,0.027892785631473252,0.0279381024809436,0.02798344917276798,0.028028825747879883,0.02807423223959418,0.02811966867342593,0.028165135066944298,0.028210631429658187,0.028256157762931274,0.028301714059923523,0.028347300305556936,0.028392916476503407,0.028438562541192685,0.028484238459838294,0.02852994418448019,0.028575679659041963,0.028621444819401733,0.028667239593474864,0.028713063901307456,0.028758917655179635,0.028804800759717246,0.02885071311201118,0.028896654601743493,0.02894262511131914,0.028988624516003054,0.02903465268406148,0.029080709476907027,0.02912679474924707,0.0291729083492345,0.02921905011862086,0.029265219892910886,0.029311417501518538,0.02935764276814353,0.02940389551183466,0.0294501755800727,0.029496482822833882,0.029542817160323115,0.029589178533262147,0.02963556691047702,0.029681982285372357,0.02972842467269751,0.029774894105583396,0.02982139063282924,0.029867914316420715,0.029914465229261895,0.02996104345310512,0.030007649076663482,0.03005428219389244,0.030100942902427312,0.030147631302164957,0.03019434749397867,0.030241091578555746,0.0302878636553486,0.03033466382163023,0.030381492171646395,0.030428348795856406,0.030475233780255934,0.03052214720577521,0.03056908914774659,0.030616059675436038,0.03066305885163315,0.030710086732295427,0.030757143366241673,0.030804228794891194,0.03085134305204442,0.030898486163701853,0.03094565814791782,0.030992859014686267,0.03104008876585566,0.031087347395070596,0.031134634887737506,0.03118195122101253,0.03122929636380942,0.03127667027682558,0.03132407291258454,0.03137150421549342,0.031418964121913584,0.031466452560243385,0.03151396945101183,0.031561514706981694,0.031609088233261286,0.031656689927423855,0.03170431967963346,0.03175197737277697,0.031799662882601026,0.03184737607785335,0.03189511682042788,0.031942884965513084,0.0319906803617428,0.032038502851349286,0.03208635227031781,0.03213422844854268,0.032182131210406216,0.03223006037544613,0.03227801579060533,0.032325997307534694,0.032374004846530205,0.032422038348792745,0.032470097783627416,0.03251818314491744,0.03256629444789081,0.03261443172615688,0.03266259502899296,0.03271078441886279,0.032758999969148245,0.03280724176207923,0.03285550988684633,0.0329038044378822,0.032952125513299096,0.03300047321347082,0.033048847639747275,0.03309724889329218,0.033145677074034256,0.03319413227972253,0.033242614605078664,0.03329112414103766,0.03333966097407065,0.03338822518558319,0.033436816851382736,0.03348543604121018,0.033534082818329876,0.0335827572391738,0.03363145935303511,0.033680189201807216,0.033728946819764564,0.03377773223338139,0.0338265454611856,0.03387538651364456,0.033924255393079916,0.03397315209360921,0.03402207660111171,0.03407102889321619,0.03412000893930878,0.034169016700559135,0.034218052129962886,0.03426711517239897,0.034316205764700354,0.03436532383573692,0.03441446930650895,0.03446364209025032,0.03451284209254025,0.03456206921142262,0.03461132333753207,0.03466060435422576,0.0347099121377205,0.034759246557233926,0.034808607475129774,0.034857994747066016,0.03490740822214589,0.03495684774307083,0.03500631314629509,0.03505580426218177,0.03510532091536224,0.035154862926266996,0.03520443014167784,0.03525402241457949,0.035303639665294595,0.03535328183549173,0.03540294889494335,0.035452640838000066,0.035502357680356915,0.03555209945609019,0.03560186621494396,0.03565165801984841,0.03570147494465178,0.03575131707205015,0.03580118449169998,0.03585107729849975,0.035900995591027364,0.03595093947012192,0.03600090903759854,0.03605090439508602,0.03610092564297782,0.0361509728794877,0.03620104619980174,0.036251145695319224,0.03630127145297533,0.03635142355463949,0.03640160207658286,0.036451807089009795,0.03650203865564802,0.03655229683339266,0.03660258167199979,0.03665289321382566,0.036703231493607186,0.03675359653828101,0.03680398836683723,0.03685440699020523,0.03690485241116845,0.03695532462430614,0.03700582361595894,0.037056349364216846,0.03710690183892716,0.03715748100172035,0.03720808680605274,0.03725871919726378,0.03730937811264682,0.03736006348153179,0.03741077522537899,0.037461513257882,0.03751227748507968,0.03756306780547523,0.03761388411016252,0.03766472628295775,0.037715594200536474,0.03776648773257504,0.03781740674189557,0.037868351084614386,0.037919320610292795,0.0379703151620901,0.03802133457691825,0.03807237868559791,0.038123447313209706,0.03817454028064117,0.03822565743471839,0.03827679862974105,0.03832796378605103,0.0383791528457733,0.038430365779136576,0.03848160258094755,0.038532863267357095,0.03858414787289711,0.038635456447767155,0.03868678905535276,0.03873814576995726,0.03878952667473162,0.038840931859787084,0.03889236142047673,0.03894381545583272,0.038995294067148405,0.039046797356692926,0.039098325426548855,0.039149878377563334,0.03920145630840351,0.03925305931470874,0.03930468748833133,0.03935634091665946,0.03940801968201523,0.039459723861122356,0.039511453524637544,0.03956320873674062,0.03961498955477867,0.039666796028959596,0.03971862820209125,0.039770486109361985,0.039822369778159644,0.03987427922792544,0.03992621447003957,0.0399781755077362,0.040030162336045005,0.04008217494175707,0.04013421330341249,0.040186277391308506,0.040238367167525387,0.04029048258596905,0.040342623592428295,0.04039479012464567,0.04044698211240026,0.040499199477601174,0.040551442134390686,0.04060370998925605,0.04065600294114892,0.0407083208816112,0.0407606636949071,0.04081303125815991,0.040865423441493555,0.04091784010817755,0.04097028111477546,0.041022746311295606,0.04107523554134415,0.041127748642279784,0.04118028544536951,0.04123284577613244,0.041285429455536045,0.041338036331203115,0.04139066625830987,0.04144331915723577,0.04149599497055116,0.041548693668930055,0.041601415247624195,0.04165415972322932,0.041706927130722,0.04175971752074636,0.04181253095713217,0.041865367514626925,0.041918227276825634,0.04197111033428331,0.042024016782796575,0.042076946721841105,0.04212990025315342,0.042182877479445734,0.04223587850324355,0.042288903425836695,0.042341952346334824,0.04239502536081963,0.04244812256158567,0.042501244036463,0.042554389868215525,0.042607560134008626,0.04266075490494042,0.04271397424563201,0.04276721821387154,0.04282048686030789,0.04287378022818952,0.042927098353145406,0.042980441263003745,0.04303380897764589,0.04308720150889209,0.04314061886041632,0.043194061027687906,0.04324752799793737,0.0433010197501441,0.043354536255044485,0.043408077475157666,0.0434616433648283,0.0435152338702838,0.04356884892970513,0.04362248847330955,0.043676152423444185,0.04372984069468915,0.04378355319396945,0.04383728982067416,0.04389105046678255,0.04394483501699591,0.04399864334887456,0.04405247533297917,0.044106330833015954,0.044160209705984756,0.044214111802330244,0.044268036966094604,0.044321985035072405,0.04437595584096646,0.044429949209723714,0.04448396496311167,0.04453800294804395,0.044592063021355745,0.04464614510342524,0.04470024913725747,0.04475437509396088,0.04480852296922138,0.04486269278006895,0.04491688456191406,0.044971098365834565,0.04502533425609388,0.045079592307872875,0.045133872605199736,0.04518817523906253,0.04524250030569075,0.045296847904992756,0.045351218139137645,0.045405611111269964,0.0454600269243473,0.045514465680091515,0.04556892747804413,0.045623412414718394,0.045677920582840294,0.045732452070671246,0.0457870069614063,0.045841585332641696,0.045896187255906315,0.04595081279625183,0.04600546201189686,0.046060134953920445,0.04611483166600114,0.04616955218419775,0.046224296536768246,0.04627906474402351,0.04633385681821306,0.04638867276344012,0.04644351257560305,0.046498376242361125,0.046553263743122464,0.0466081750490518,0.04666311012309672,0.046718068920029956,0.046773051386506934,0.04682805746113633,0.046883087074563005,0.046938140149561505,0.046993216601139254,0.047048316336648376,0.04710343925590477,0.04715858525131449,0.047213754208005415,0.0472689460039642,0.04732416051017774,0.04737939759077823,0.04743465710319151,0.04748993889828782,0.04754524282053496,0.0476005687081528,0.04765591639326936,0.047711285702420544,0.04776667645711789,0.04782208850517422,0.04787752170428651,0.047932975974861625,0.0479884512603287,0.04804394753222017,0.048099464786645806,0.048155003041059165,0.04821056233129411,0.04826614270885186,0.048321744238418875,0.04837736699559906,0.04843301106484329,0.048488676537562364,0.048544363510408,0.04860007208371093,0.048655802360062214,0.04871155444302843,0.048767328435988855,0.048823124441086906,0.04887894255828548,0.04893478288451906,0.048990645512934666,0.04904653053221458,0.04910243802597455,0.04915836807223133,0.04921432074293417,0.049270296103554975,0.04932629421273228,0.04938231512196502,0.04943835887535142,0.04949442550936979,0.049550515052697364,0.04960662752606418,0.04966276294213877,0.049718921305443156,0.04977510261229438,0.04983130685077014,0.04988753400069687,0.049943784033657485,0.050000056913017406,0.050056352593967214,0.050112671023579955,0.050169012140881736,0.05022537587693473,0.05028176215493059,0.05033817089029366,0.050394601990792716,0.0504510553566604,0.0505075308807191,0.05056402844851293,0.0506205479384447,0.05067708922191721,0.050733652163478374,0.05079023662096959,0.05084684244567656,0.050903469482482214,0.05096011757002155,0.05101678654083747,0.05107347622186588,0.05113018643506335,0.051186917028264334,0.05124366786033312,0.0513004388517145,0.0513572299462515,0.05141404111589024,0.05147087235715406,0.051527723687909824,0.05158459514440468,0.05164148677855288,0.05169839865545374,0.05175533085112378,0.051812283450426475,0.051869256545184844,0.051926250232463,0.05198326461300358,0.05204029978980958,0.05209735586685911,0.05215443294794305,0.05221153113561615,0.05226865053025252,0.05232579122919759,0.0523829533260093,0.05244013690978056,0.052497342064537635,0.05255456886870757,0.05261181739464983,0.05266908770824628,0.05272637986854535,0.052783693927455605,0.052841029929484785,0.05289838791152053,0.052955767902649255,0.053013169924010006,0.05307059398868012,0.053128040101590314,0.05318550825946604,0.05324299845079343,0.05330051065580702,0.053358044846497754,0.05341560098663887,0.05347317903182866,0.05353077892954759,0.05358840061922916,0.05364604403234265,0.05370370909248673,0.05376139571549258,0.053819103809535696,0.05387683327525512,0.053934584005879666,0.05399235588735956,0.05405014879850361,0.05410796261112043,0.054165797190163685,0.054223652393880224,0.05428152807396105,0.054339424075694344,0.05439734023812007,0.05445527639418594,0.054513232371218474,0.054571207991913076,0.05462920310348767,0.0546872175663048,0.0547452513008204,0.0548033042512813,0.05486137639003732,0.05491946771401529,0.05497757824148541,0.05503570800909806,0.05509385706917041,0.05515202548720461,0.05521021333961993,0.05526842071168238,0.05532664769561733,0.05538489438889102,0.05544316089264812,0.05550144731029351,0.05555975374620701,0.05561808030458102,0.05567642708837163,0.055734794198354164,0.05579318173227514,0.05585158978409331,0.055910018443302324,0.055968467794328965,0.05602693791600073,0.0560854288810773,0.05614394075584057,0.05620247359973886,0.056261027465080465,0.05631960239677269,0.05637819843210257,0.05643681560055577,0.05649545392367042,0.05655411341492281,0.056612794079642405,0.05667149591495317,0.05673021890973969,0.056788963044634835,0.0568477282920276,0.056906514616089164,0.056965321972815536,0.057024150310084884,0.057082999567728096,0.0571418696776118,0.05720076056373177,0.05725967214231614,0.05731860432193715,0.057377557003630626,0.05743653008102173,0.057495523440457066,0.057554536961141566,0.05761357051527985,0.05767262396822138,0.057731697178608696,0.05779078999852833,0.05784990227366378,0.05790903384345017,0.057968184541230296,0.05802735419471157,0.05808654262670581,0.05814574968510634,0.05820497523100025,0.058264219184918364,0.05832348149150161,0.058382762123493664,0.05844206107821508,0.058501378374329685,0.05856071404888123,0.05862006815458018,0.058679440757321816,0.05873883193391826,0.05879824177002835,0.05885767035827,0.058917117796502,0.05897658418626128,0.05903606963134489,0.059095574236524555,0.059155098106384474,0.05921464134427246,0.0592742040513553,0.059333786325770785,0.059393388261868914,0.05945300994953429,0.05951265147358457,0.059572312913237974,0.059631994341644644,0.05969169582547692,0.059751417424573315,0.059811159191632136,0.05987092117195063,0.05993070340320556,0.05999050591527217,0.06005032873007797,0.0601101718614885,0.06017003531522228,0.06022991908879235,0.06028982317147199,0.06034974754428262,0.06040969218000172,0.060469657043188886,0.06052964209022814,0.06058964726938568,0.06064967252088024,0.06070971777696605,0.06076978296202642,0.0608298679926768,0.060889972777876715,0.06095009721904886,0.061010241210205374,0.061070404638079535,0.06113058738226282,0.06119078931534628,0.06125101030306563,0.06131125020444946,0.06137150887197023,0.06143178615169714,0.06149208188345102,0.06155239590095999,0.06161272803215991,0.06167307810767174,0.061733445960957846,0.06179383146144553,0.061854234529658325,0.061914655110621226,0.06197509317746195,0.06203554872788474,0.062096021780937094,0.06215651237404624,0.06221702056030601,0.06227754640599486,0.062338089988308,0.06239865139328709,0.06245923071393287,0.0625198280484867,0.062580443498868,0.062641077169256,0.06270172916480454,0.06276239959048005,0.06282308855001206,0.06288379614494893,0.06294452247381019,0.06300526763132713,0.0630660317077657,0.06312681478832452,0.06318761695260279,0.06324843827413151,0.06330927881996358,0.06337013865031814,0.06343101781827373,0.06349191636950771,0.06355283434207702,0.06361377176623682,0.06367472866429418,0.06373570505049433,0.06379670093093537,0.06385771630350941,0.06391875115786894,0.06397980547541446,0.06404087922930222,0.06410197238447045,0.06416308489768179,0.06422421671758076,0.06428536778476428,0.06434653803186477,0.06440772738364334,0.06446893575709332,0.06453016306155186,0.06459140919881912,0.06465267406328458,0.06471395754205862,0.06477525951510979,0.06483657985540606,0.0648979184290598,0.06495927509547621,0.06502064970750403,0.06508204211158887,0.06514345214792762,0.06520487965062435,0.06526632444812122,0.0653277863643087,0.06538926524656442,0.0654507609584397,0.0655122734205065,0.06557380257816525,0.06563534840491884,0.06569691089884683,0.0657584900793716,0.06582008598429524,0.06588169866708624,0.06594332819439751,0.06600497464379863,0.06606663810170543,0.06612831866149271,0.06619001642177569,0.06625173148484738,0.06631346395526069,0.0663752139385428,0.0664369815400334,0.06649876686383505,0.06656057001186914,0.0666223910830279,0.06668423017241515,0.0667460873706693,0.06680796276336144,0.06686985643046277,0.06693176844587628,0.0669936988770267,0.06705564778450472,0.06711761522176055,0.06717960123484298,0.06724160586217998,0.06730362913439775,0.06736567107417435,0.06742773169612577,0.0674898110067205,0.06755190900422112,0.06761402567865056,0.06767616101177933,0.06773831497713355,0.0678004875400214,0.06786267865757513,0.06792488827880873,0.0679871163446885,0.06804936278821588,0.06811162753452114,0.06817391050096655,0.06823621159725787,0.06829853072556384,0.0683608677806424,0.06842322264997219,0.06848559521388992,0.06854798534573141,0.06861039291197686,0.06867281777239914,0.06873525978021444,0.06879771878223581,0.06886019461902719,0.06892268712505988,0.06898519612913002,0.06904772146197327,0.06911026295802832,0.06917282048840563,0.0692353939737051,0.06929798335969314,0.06936058862023793,0.06942320975378463,0.0694858467801209,0.06954849973741395,0.06961116867949708,0.06967385367338828,0.0697365547970218,0.06979927213717793,0.06986200578759592,0.06992475584725512,0.06998752241881291,0.07005030560718604,0.0701131055182657,0.07017592225775504,0.07023875593012027,0.07030160663764619,0.07036447447958827,0.07042735955141355,0.07049026194412336,0.0705531817436516,0.0706161190303321,0.07067907387843046,0.07074204635573378,0.07080503652319516,0.07086804443462671,0.07093107013643925,0.07099411366742259,0.07105717505856453,0.07112025433290477,0.07118335150542054,0.07124646658294163,0.07130959956409194,0.07137275043925508,0.07143591919056237,0.0714991057919007,0.0715623102089387,0.07162553239916902,0.07168877231196588,0.07175202988865576,0.07181530506259992,0.07187859775928858,0.07194190789644347,0.07200523538412998,0.07206858012487607,0.07213194201379908,0.07219532093873661,0.07225871678038427,0.07232212941243672,0.07238555870173274,0.07244900450840376,0.0725124666860244,0.0725759450817658,0.07263943953655003,0.07270294988520619,0.0727664759568759,0.07283001757595561,0.07289357459042109,0.07295714686555645,0.07302073432201701,0.07308433690592644,0.0731479545915104,0.07321158737757108,0.07327523528425318,0.07333889835008071,0.07340257662924388,0.07346627018911706,0.07352997910799092,0.07359370347300204,0.07365744337824578,0.07372119892305756,0.07378497021045036,0.07384875734569672,0.07391256043504325,0.0739763795845484,0.07404021489903372,0.074104066481139,0.07416793443047455,0.07423181884286208,0.07429571980965757,0.07435963741714938,0.07442357174602558,0.07448752287090595,0.07455149085993165,0.0746154757744093,0.07467947766850505,0.07474349658898316,0.0748075325749868,0.07487158565785691,0.07493565586098655,0.07499974319970579,0.07506384768119707,0.07512796930443727,0.0751921080601632,0.07525626393085749,0.07532043689075937,0.07538462690588942,0.07544883393409223,0.07551305792509375,0.07557729882057206,0.07564155655423992,0.07570583105193882,0.07577012223174173,0.07583443000406488,0.07589875427178734,0.07596309493037692,0.07602745186802203,0.07609182496576869,0.07615621409766161,0.07622061913088983,0.07628503992593483,0.07634947633672098,0.0764139282107691,0.07647839538935093,0.07654287770764491,0.0766073749950115,0.07667188707657104,0.07673641379994373,0.07680095503157004,0.07686551069210683,0.07693008072802615,0.07699466511390231,0.07705926384888552,0.07712387695346877,0.07718850446652395,0.07725314644258896,0.07731780294938594,0.07738247406555299,0.07744715987857413,0.07751186048289194,0.07757657597818877,0.07764130646782465,0.07770605205741886,0.07777081285356476,0.07783558896266715,0.07790038048989398,0.07796518753823127,0.07803001020763531,0.07809484859427389,0.07815970278984868,0.07822457288099369,0.07828945894874245,0.07835436106806014,0.07841927930743305,0.07848421372851302,0.07854916438581097,0.07861413132643583,0.07867911458987555,0.07874411420781563,0.07880913020399331,0.07887416259408285,0.07893921138561098,0.07900427657789805,0.07906935816202389,0.07913445612081589,0.0791995704288567,0.07926470105251028,0.0793298479499643,0.07939501107128787,0.07946019035850195,0.07952538574566219,0.07959059715895253,0.07965582451678853,0.07972106772992878,0.0797863267015945,0.07985160132759567,0.07991689149646247,0.07998219708958275,0.08004751798134303,0.08011285403927382,0.08017820512419775,0.08024357109038056,0.08030895178568417,0.08037434705172117,0.0804397567240108,0.08050518063236078,0.08057061860190724,0.08063607048063966,0.08070153613582781,0.08076701548816853,0.0808325084844738,0.08089801509965791,0.08096353533321063,0.08102906920596445,0.08109461675713066,0.08116017804158654,0.08122575312739323,0.08129134209352791,0.08135694502781332,0.08142256202503076,0.0814881931852012,0.0815538386120231,0.08161949841145394,0.0816851726904252,0.0817508615556798,0.08181656511272346,0.08188228346487993,0.08194801671244313,0.0820137649519183,0.08207952827534437,0.0821453067696924,0.08221110051633312,0.08227690959056853,0.08234273406122164,0.08240857399028095,0.08247442943259377,0.08254030043560542,0.08260618703913998,0.08267208927521907,0.08273800716791577,0.08280394073324011,0.08286988997905453,0.0829358549050148,0.08300183550253618,0.0830678317547812,0.08313384363666768,0.0831998711148944,0.08326591414798401,0.08333197268634009,0.08339804667231814,0.08346413604030833,0.08353024071682881,0.08359636062062918,0.08366249566280216,0.08372864574690266,0.0837948107690744,0.08386099061818113,0.08392718517594402,0.08399339431708303,0.08405961790946172,0.08412585581423584,0.08419210788600388,0.08425837397296063,0.08432465391705103,0.08439094755412706,0.08445725471431732,0.08452357522332012,0.084589908928748,0.08465625569897436,0.08472261545474705,0.08478898814320976,0.08485537373960803,0.08492177224376317,0.08498818367683868,0.08505460807837716,0.08512104550358668,0.0851874960208592,0.08525395970950256,0.08532043665767003,0.0853869269604733,0.08545343071826367,0.0855199480350696,0.08558647901717861,0.08565302377185204,0.08571958240616251,0.08578615502594528,0.08585274173485358,0.08591934263351057,0.08598595781875068,0.08605258738294197,0.08611923141338437,0.08618588999177734,0.08625256319375146,0.08631925108845832,0.08638595373821469,0.08645267119819612,0.08651940351617612,0.08658615073230663,0.08665291287893716,0.08671968998046833,0.08678648205323795,0.08685328910543569,0.0869201111370446,0.0869869481398072,0.08705380009721309,0.08712066698450663,0.08718754876871357,0.0872544454086831,0.08732135685514544,0.08738828305078232,0.08745522393031005,0.08752217942057293,0.08758914944064644,0.08765613390194912,0.08772313270836163,0.0877901457563531,0.08785717293511282,0.08792421412668712,0.08799126920612102,0.08805833804160319,0.08812542049461418,0.08819251642007736,0.08825962566651192,0.08832674807618753,0.08839388348528021,0.08846103172413058,0.08852819261897367,0.0885953660173904,0.08866255178860236,0.08872974985341184,0.08879696015928626,0.08886418268179443,0.08893141742108095,0.08899866439863242,0.08906592365431439,0.08913319524365779,0.08920047923537726,0.08926777570910342,0.08933508475331185,0.08940240646343667,0.08946974094015132,0.08953708828780631,0.08960444861301119,0.08967182202334897,0.08973920862621396,0.08980660852776294,0.08987402183197062,0.08994144863978147,0.09000888904835094,0.09007634315036811,0.09014381103345377,0.09021129277962821,0.09027878846484262,0.09034629815856902,0.0904138219234445,0.09048135981496495,0.09054891188122388,0.09061647816269319,0.0906840586920422,0.0907516534939912,0.0908192625851976,0.09088688597417041,0.09095452366121208,0.09102217563838429,0.09108984188949544,0.09115752239010916,0.0912252171075697,0.09129292600104509,0.09136064902158372,0.09142838611218598,0.09149613720788623,0.0915639022358471,0.09163168111546185,0.09169947375846696,0.0917672800690608,0.09183509994403005,0.09190293327288145,0.09197077993797882,0.09203863981468426,0.09210651277150335,0.09217439867023372,0.09224229736611549,0.09231020870798456,0.09237813253842708,0.09244606869393553,0.09251401700516149,0.09258197729846843,0.0926499494218417,0.09271793324522794,0.09278592868944002,0.09285393570226096,0.092921954259575,0.09298998436184225,0.09305802603086452,0.09312607930682255,0.09319414424556223,0.0932622209161131,0.09333030939842035,0.09339840978127435,0.09346652216042353,0.09353464663685579,0.09360278331523583,0.09367093230248723,0.09373909370650704,0.09380726763500333,0.09387545419444657,0.09394365348912509,0.09401186562029666,0.09408009068543015,0.0941483287775277,0.09421657998452328,0.09428484438874998,0.0943531220664717,0.09442141308747333,0.09448971751470432,0.094558035403973,0.09462636680368502,0.09469471175462468,0.09476307028977303,0.09483144243416257,0.09489982820476212,0.0949682276103924,0.09503664065166743,0.0951050673209602,0.09517350760239045,0.09524196147183274,0.09531042889694241,0.09537890983719827,0.09544740424395949,0.09551591206053701,0.0955844332222757,0.09565296765664845,0.09572151528335877,0.09579007601445313,0.09585864975443996,0.09592723640041573,0.09599583584219681,0.09606444796245657,0.09613307263686667,0.09620170973424201,0.09627035911668935,0.09633902063975774,0.09640769415259205,0.09647637949808736,0.09654507651304471,0.09661378502841877,0.09668250487553486,0.0967512358930627,0.09681997795653287,0.09688873098678161,0.0969574949318993,0.09702626976807772,0.09709505549608424,0.0971638521380278,0.09723265973439593,0.0973014783413416,0.09737030802820107,0.09743914887522605,0.09750800097151359,0.09757686441311848,0.09764573930133487,0.09771462574113363,0.09778352383974435,0.09785243370537008,0.09792135544602472,0.09799028916848436,0.09805923497734292,0.09812819297416363,0.09819716325672066,0.09826614591832139,0.09833514104720492,0.09840414872600926,0.09847316903130322,0.0985422020331762,0.09861124779488248,0.09868030637253482,0.09874937781484328,0.09881846216289626,0.09888755944997911,0.09895666970142825,0.09902579293451641,0.0990949291583681,0.09916407837390097,0.09923324057379153,0.09930241574246274,0.09937160385609271,0.09944080488263987,0.09951001878188599,0.09957924550549332,0.09964848499707546,0.09971773719227994,0.09978700201888224,0.09985627939688844,0.09992556923864715,0.09999487144896901,0.10006418592525261,0.1001335125576163,0.10020285122903527,0.10027220181548274,0.10034156418607532,0.10041093820322121,0.10048032372277092,0.1005497205941705,0.10061912866061595,0.10068854775920942,0.10075797772128707,0.1008274183736702,0.10089686956448643,0.10096633116537643,0.10103580309721882,0.10110528530840476,0.10117477777542651,0.1012442804993518,0.10131379350258987,0.10138331682592851,0.10145285052582063,0.10152239467190242,0.10159194934472544,0.10166151463368635,0.10173109063513938,0.10180067745067807,0.10187027518557261,0.10193988394735166,0.10200950384451728,0.10207913498538228,0.10214877747702152,0.10221843142432743,0.10228809692916185,0.10235777408959722,0.10242746299923922,0.10249716374662488,0.1025668764146904,0.1026366010803023,0.10270633781384775,0.10277608667887858,0.10284584773180509,0.10291562102163461,0.1029854065897528,0.10305520446974206,0.10312501468723574,0.10319483725980345,0.10326467219686647,0.10333451949963889,0.10340437916109363,0.1034742511659502,0.10354413549068277,0.10361403210354578,0.10368394096461703,0.10375386202585463,0.1038237952311677,0.10389374051649965,0.10396369780992114,0.10403366703173358,0.10410364809458098,0.10417364090356884,0.10424364535639082,0.10431366134346008,0.10438368874804636,0.10445372744641761,0.10452377730798489,0.10459383819545069,0.10466390996495968,0.10473399246625195,0.10480408554281757,0.1048741890320525,0.10494430276549557,0.10501442657060296,0.10508456029512307,0.10515470381167533,0.10522485704116917,0.10529501993228868,0.10536519246181918,0.10543537463112103,0.1055055664628964,0.10557576799822564,0.10564597929385405,0.10571620041971024,0.10578643145663778,0.1058566724943255,0.10592692362941966,0.10599718496380564,0.10606745660304526,0.10613773865495892,0.10620803122833998,0.10627833443179277,0.10634864837268321,0.10641897315619492,0.10648930888448072,0.10655965565590396,0.10663001356436093,0.10670038269867946,0.106770763142086,0.10684115497173768,0.1069115582583119,0.10698197306565066,0.10705239945045404,0.10712283746201948,0.1071932871420223,0.10726374852433467,0.10733422163487927,0.10740470649151512,0.10747520310395305,0.10754571147369607,0.10761623159400624,0.10768676344989203,0.10775730701811638,0.1078278622672224,0.10789842915757646,0.10796900764142509,0.1080395976629658,0.10811019915843005,0.10818081205617673,0.10825143627679513,0.10832207173321713,0.10839271833083608,0.10846337596763302,0.10853404453430864,0.10860472391442023,0.10867541398452278,0.10874611461431452,0.10881682566678491,0.10888754699836556,0.10895827845908339,0.10902901989271496,0.10909977113694283,0.10917053202358781,0.10924130238024503,0.10931208205499399,0.10938287092111124,0.10945366889952732,0.10952447593921207,0.10959529201723663,0.10966611713524693,0.10973695131623047,0.10980779460155296,0.10987864704824503,0.10994950872652029,0.11002037971750755,0.11009126011118024,0.11016215000446951,0.11023304949954527,0.11030395870225401,0.1103748777207003,0.11044580666396199,0.11051674564092752,0.11058769475924683,0.11065865412438743,0.11072962383878607,0.11080060400108965,0.11087159470547817,0.11094259604106278,0.11101360809135337,0.11108463093379012,0.11115566463933364,0.11122670927210879,0.11129776488909868,0.1113688315398835,0.11143990926642108,0.11151099810286606,0.11158209807542364,0.11165320920223525,0.11172433149329346,0.11179546495038355,0.1118666095670496,0.11193776532858182,0.11200893221202471,0.11208011018620298,0.11215129921176457,0.11222249924123721,0.11229371021909981,0.11236493208186482,0.11243616475817211,0.11250740816889189,0.11257866222723668,0.11264992683888045,0.1127212019020849,0.11279248730783105,0.11286378293995644,0.11293508867529625,0.11300640438382878,0.1130777299288234,0.11314906516699157,0.11322040994863979,0.11329176411782445,0.11336312751250738,0.11343449996485526,0.11350588130260418,0.11357727137395919,0.11364867005293089,0.11372007726049897,0.11379149294591227,0.11386291708652026,0.11393434968424765,0.11400579076236027,0.11407724036250216,0.1141486985419821,0.11422016537129176,0.11429164093183795,0.11436312531387192,0.11443461861460262,0.11450612093647751,0.11457763238562062,0.11464915307041398,0.11472068310021255,0.11479222258418195,0.11486377163024923,0.1149353303441589,0.11500689882862436,0.11507847718256922,0.11515006550045011,0.11522166387165454,0.11529327237996895,0.1153648911031096,0.11543652011231331,0.11550815947198088,0.11557980923937135,0.11565146946434059,0.1157231401891223,0.11579482144814648,0.11586651326789381,0.11593821566678107,0.11600992865507599,0.1160816522348389,0.11615338639988897,0.11622513113579112,0.11629688641986476,0.11636865222120926,0.11644042850074689,0.1165122152112799,0.11658401229756139,0.11665581969637803,0.11672763733664383,0.11679946513950284,0.11687130301844154,0.11694315087940757,0.11701500862093624,0.11708687613428191,0.11715875330355566,0.11723064000586601,0.11730253611146424,0.11737444148389285,0.11744635598013618,0.11751827945077362,0.11759021174013408,0.11766215268645211,0.11773410212209119,0.11780605987847907,0.11787802579718297,0.11794999975632,0.11802198167688853,0.11809397150840878,0.11816596922850182,0.11823797483936359,0.11830998836453109,0.11838200984591941,0.1184540393411083,0.11852607692086033,0.11859812266685298,0.11867017666960834,0.11874223902660577,0.11881430984056322,0.11888638921787495,0.11895847726719333,0.11903057409814341,0.1191026798201608,0.11917479454144252,0.11924691836800282,0.11931905140282485,0.11939119374510175,0.11946334548955972,0.11953550672585585,0.11960767753804546,0.11967985800411429,0.11975204819556809,0.11982424817707665,0.11989645800616794,0.1199686777329664,0.12004090739997438,0.12011314704189055,0.12018539668546403,0.12025765634937981,0.12032992604417389,0.12040220577217481,0.12047449552746953,0.12054679529589098,0.12061910505502631,0.1206914247742427,0.12076375441472993,0.1208360939295577,0.12090844326374649,0.12098080235435014,0.12105317113054989,0.12112554951375684,0.12119793741772424,0.12127033474866665,0.12134274140538612,0.12141515727940379,0.12148758225509701,0.1215600162098407,0.1216324590141525,0.12170491053184104,0.12177737062015682,0.12184983912994518,0.12192231590580088,0.12199480078622414,0.12206729360390178,0.12213979418715427,0.12221230238420379,0.12228481807057213,0.12235734116729458,0.12242987162415683,0.12250240941904536,0.12257495455442131,0.12264750705408702,0.12272006696022235,0.1227926343306722,0.12286520923646391,0.1229377917595397,0.12301038199068626,0.12308298002764728,0.12315558597340527,0.12322819993461866,0.12330082202020405,0.12337345234005039,0.12344609100385719,0.12351873812008525,0.12359139379501245,0.12366405813188563,0.12373673123016142,0.12380941318482921,0.12388210408580927,0.12395480401742016,0.12402751305791059,0.1241002312790491,0.12417295874576838,0.12424569551585894,0.12431844163970777,0.12439119716007979,0.12446396211193576,0.12453673652228722,0.12460952041008103,0.12468231378611527,0.12475511665298054,0.1248279290050252,0.124900750828344,0.12497358210078555,0.12504642279197833,0.1251192728633737,0.1251921322683024,0.12526500095204596,0.12533787885191947,0.12541076589736444,0.12548366201005332,0.12555656710399976,0.1256294810856788,0.12570240385415274,0.12577533530120336,0.125848275311468,0.1259212237625816,0.125994180525322,0.12606714546375736,0.1261401184353982,0.12621309929134933,0.12628608787646511,0.12635908402950533,0.1264320875834075,0.12650509836958787,0.1265781162306006,0.12665114104557293,0.1267241727355662,0.12679721125062435,0.12687025656889198,0.1269433086930884,0.12701636764727378,0.12708943347388657,0.12716250623102912,0.12723558598998666,0.12730867283295888,0.12738176685099006,0.12745486814208126,0.12752797680947237,0.12760109296007902,0.127674216703075,0.12774734814860622,0.12782048740662916,0.12789363458586137,0.12796678979283738,0.12803995313106076,0.12811312470024475,0.12818630459563485,0.12825949290740776,0.1283326897201386,0.12840589511233166,0.12847910915601174,0.12855233191636742,0.1286255634514449,0.12869880381188714,0.12877205304071432,0.12884531117314307,0.12891857823643973,0.12899185424980703,0.12906513922429802,0.12913843316275808,0.12921173605979108,0.12928504790174644,0.12935836866672748,0.1294316983246174,0.12950503683712192,0.12957838415782638,0.12965174023226692,0.12972510499801249,0.129798478384759,0.12987186031443268,0.1299452507013015,0.13001864945209424,0.13009205646612687,0.13016547163543465,0.13023889484490864,0.13031232597243728,0.13038576488905163,0.1304592114590732,0.13053266554026552,0.13060612698398635,0.1306795956353431,0.13075307133334832,0.13082655391118364,0.13090004319770682,0.1309735390412171,0.13104704131860856,0.1311205499509929,0.1311940648886667,0.1312675861100272,0.1313411136180459,0.13141464743703554,0.1314881876096864,0.13156173419435283,0.13163528726257195,0.13170884689679555,0.13178241318831949,0.13185598623539654,0.13192956614151807,0.13200315301385118,0.13207674696182056,0.13215034809582357,0.13222395652606783,0.13229757236152173,0.13237119570897046,0.13244482667216861,0.13251846535107986,0.13259211184120043,0.13266576623295714,0.13273942861117544,0.13281309905461,0.13288677763553552,0.13296046441939063,0.1330341594644713,0.1331078628216703,0.13318157453425755,0.13325529463769886,0.13332902315951048,0.1334027601191441,0.13347650552790208,0.13355025938887904,0.13362402169692766,0.13369779243864624,0.133771571592387,0.13384535912828172,0.13391915500828475,0.13399295918622997,0.13406677160790165,0.13414059221111693,0.1342144209258201,0.13428825767418542,0.13436210237072868,0.13443595492242635,0.13450981522884253,0.1345836831822598,0.13465755866781678,0.13473144156364936,0.13480533174103568,0.1348792290645445,0.1349531333921864,0.13502704457556652,0.1351009624600386,0.13517488688486223,0.13524881768340785,0.13532275468731395,0.13539669773996837,0.13547064672142606,0.13554460155282652,0.13561856218471213,0.1356925285957255,0.13576650078908398,0.1358404787893456,0.1359144626394459,0.13598845239798454,0.1360624481367438,0.13613644993842042,0.13621045789455546,0.13628447210364616,0.1363584926694289,0.13643251969931525,0.13650655330297468,0.13658059359104885,0.1366546406739897,0.13672869466100995,0.13680275565913916,0.13687682377237578,0.1369508991009274,0.13702498174053426,0.13709907178186706,0.1371731693099947,0.13724727440391557,0.13732138713614792,0.13739550757237365,0.13746963577113205,0.13754377178355906,0.13761791565316772,0.13769206741566684,0.13776622709881567,0.13784039472230858,0.13791457029769086,0.13798875382829956,0.13806294530922977,0.13813714472732233,0.13821135206117183,0.1382855672811523,0.13835979034946008,0.138434021220171,0.13850825983931137,0.1385825061449403,0.1386567600672437,0.13873102152863742,0.13880529044387865,0.13887956672018567,0.1389538502573636,0.13902814094793628,0.1391024386772837,0.13917674332378238,0.13925105475895183,0.13932537284760152,0.13939969744798275,0.13947402841194123,0.13954836558507142,0.13962270880687314,0.13969705791099923,0.13977141272691274,0.13984577310278037,0.139920138916928,0.13999451009052521,0.1400688865743545,0.14014326834729907,0.140217655412816,0.14029204779570334,0.1403664455391363,0.14044084870195456,0.1405152573561798,0.14058967158474853,0.14066409147944095,0.1407385171389938,0.14081294866738248,0.14088738617225782,0.14096182976352853,0.14103627955207496,0.14111073564858756,0.14118519816251818,0.14125966720113473,0.14133414286867396,0.14140862526558223,0.14148311448783774,0.1415576106263492,0.14163211376642393,0.1417066239872984,0.14178114136172845,0.14185566595563373,0.14193019782779126,0.14200473702957436,0.14207928360473368,0.1421538375892153,0.1422283990110156,0.1423029678900662,0.14237754423814922,0.14245212805883883,0.1425267193474671,0.14260131809111126,0.14267592426860284,0.14275053785055192,0.14282515879939148,0.14289978706943396,0.14297442260694143,0.14304906535020956,0.14312371522965978,0.14319837216794423,0.14327303608005565,0.1433477068734479,0.14342238444816197,0.143497068696957,0.14357175950544854,0.14364645675224846,0.14372116030911125,0.14379587004108177,0.14387058580664602,0.1439453074578846,0.14402003484062698,0.14409476779460745,0.14416950615370583,0.14424424974754635,0.14431899842450852,0.14439375206344807,0.14446851058557508,0.1445432739419064,0.14461804211155893,0.14469281509822396,0.14476759292693317,0.1448423756410955,0.14491716329978438,0.14499195597525502,0.14506675375067687,0.14514155671806386,0.1452163649763857,0.14529117862985105,0.1453659977863437,0.14544082255600518,0.14551565304994857,0.14559048937909722,0.1456653316531354,0.1457401799795637,0.14581503446285124,0.14588989520367646,0.1459647622982501,0.14603963583771315,0.14611451590760458,0.14618940258739252,0.146264295950065,0.1463391960617732,0.14641410298152602,0.14648901676092832,0.14656393744396176,0.1466388650668043,0.14671379965768316,0.146788741236761,0.1468636898160515,0.14693864539935908,0.14701360798224686,0.14708857755202306,0.1471635540877496,0.1472385375602674,0.14731352793223956,0.14738852515820883,0.14746352918466785,0.14753853995014216,0.14761355738528362,0.14768858141297372,0.1477636119484356,0.14783864889935255,0.1479136921659955,0.14798874164135295,0.14806379721126994,0.14813885875458774,0.14821392614329013,0.148288999242651,0.14836407791138556,0.14843916200180354,0.14851425135996307,0.14858934582582733,0.14866444523345934,0.148739549412807,0.14881465821222611,0.1488897715112032,0.14896488923097695,0.14904001132279238,0.14911513776599464,0.14919026856450274,0.14926540374357655,0.14934054334685276,0.1494156874336325,0.14949083607639863,0.14956598935854817,0.14964114737232237,0.14971631021691836,0.14979147799677214,0.14986665081999453,0.14994182879695425,0.15001701203899132,0.15009220065725598,0.1501673947616591,0.1502425944599281,0.1503177998567585,0.15039301105305553,0.15046822814525604,0.15054345122472723,0.15061868037723466,0.15069391568247253,0.15076915721365444,0.15084440503715799,0.1509196592122176,0.15099491979066387,0.15107018681670425,0.15114546032674195,0.15122074034922992,0.15129602690455596,0.15137132000495898,0.1514466196544689,0.15152192584887372,0.15159723857570645,0.15167255781425398,0.15174788353558186,0.15182321570257823,0.15189855427001023,0.15197389918459506,0.1520492503850825,0.1521246078023487,0.15219997135949964,0.15227534097198242,0.15235071654770443,0.15242609798716011,0.15250148518356235,0.15257687802297984,0.15265227638447726,0.152727680140262,0.1528030891558315,0.15287850329012423,0.15295392239567326,0.15302934631875986,0.1531047748995705,0.15318020797242185,0.15325564536742328,0.15333108693298833,0.15340653254921544,0.15348198213737238,0.15355743564892638,0.15363289306344521,0.1537083543850704,0.15378381963928378,0.15385928886994446,0.15393476213657542,0.15401023951188164,0.1540857210794819,0.1541612069318393,0.15423669716837277,0.15431219189373974,0.15438769121627272,0.1544631952465615,0.15453870409616774,0.1546142178764627,0.1546897366975785,0.1547652606674634,0.15484078989103411,0.1549163244694166,0.15499186449926838,0.15506741007217748,0.15514296127412985,0.15521851818504023,0.15529408087834273,0.15536964942063522,0.15544522387137208,0.15552080428260423,0.15559639069875902,0.1556719831564599,0.1557475816843793,0.15582318630312494,0.1558987970251553,0.15597441385471983,0.15605003678782592,0.15612566581222617,0.1562013009074265,0.156276942044712,0.15635258918718956,0.15642824228984553,0.15650390129961572,0.15657956615546895,0.15665523678850002,0.15673091312203358,0.15680659507173503,0.15688228254573064,0.1569579754447329,0.15703367366217322,0.15710937708433806,0.1571850855905105,0.15726079905311602,0.15733651733786963,0.1574122403039279,0.15748796780404137,0.157563699684709,0.15763943578633477,0.15771517594344583,0.15779091998641007,0.1578666677636219,0.15794241915577364,0.15801817408417598,0.15809393250051323,0.15816969438457,0.15824545974070442,0.1583212285946153,0.15839700099037793,0.1584727769877321,0.1585485566595991,0.1586243400898143,0.1587001273710567,0.1587759186029617,0.15885171389040242,0.15892751334192765,0.15900331706834273,0.1590791251814255,0.15915493779276274,0.15923075501270234,0.15930657694940775,0.15938240370801135,0.15945823538985435,0.1595340720918098,0.15960991390568074,0.15968576091766795,0.15976161320790125,0.15983747085002978,0.15991333391086598,0.1599892024500792,0.16006507651993482,0.16014095616507476,0.16021684142233672,0.16029273232060767,0.16036862888070974,0.16044453111531543,0.16052043902888816,0.16059635261764946,0.16067227186956573,0.16074819676435673,0.1608241272735213,0.16090006336037999,0.16097600498013248,0.1610519520799283,0.1611279045989495,0.16120386246850418,0.16127982561213017,0.16135579394570612,0.1614317673775708,0.16150774580865043,0.16158372913258845,0.1616597172358846,0.1617357099980343,0.1618117072916755,0.16188770898273594,0.16196371493058428,0.16203972498818373,0.16211573900224516,0.16219175681338457,0.1622677782563073,0.16234380316163147,0.1624198313778155,0.16249586278608344,0.1625718973077807,0.1626479348948036,0.1627239755271479,0.1628000192093834,0.16287606596742005,0.16295211584554445,0.16302816890370744,0.16310422521504156,0.16318028486359284,0.16325634794225133,0.16333241455086314,0.16340848479451228,0.16348455878195803,0.1635606366242162,0.16363671843327496,0.16371280432093147,0.16378889439774377,0.16386498877208575,0.16394108754929979,0.1640171908309369,0.16409329871408007,0.16416941129074206,0.16424552864733366,0.1643216508641941,0.1643977780151822,0.16447391016731983,0.1645500473804855,0.164626189707154,0.1647023371921766,0.16477848987259974,0.1648546477775197,0.1649308109279676,0.1650069793368244,0.16508315300876253,0.16515933194021223,0.1652355161193482,0.16531170552609895,0.16538790013217147,0.16546409990109487,0.1655403047882769,0.16561651474107522,0.1656927296988801,0.16576894959320745,0.16584517434780308,0.16592140387875323,0.16599763809460474,0.1660738768964908,0.16615012017826297,0.166226367826628,0.16630261972128899,0.1663788757350908,0.16645513573416873,0.1665313995780984,0.1666076671200499,0.16668393820694108,0.16676021267959487,0.1668364903729195,0.166912771117771,0.166989054762586,0.16706534118917205,0.1671416303189051,0.1672179221038876,0.1672942165243215,0.16737051358498303,0.16744681331198785,0.1675231157498288,0.16759942095866243,0.1676757290118268,0.167752039993574,0.16782835399699947,0.16790467112215487,0.16798099147432966,0.16805731516248842,0.16813364229785235,0.16820997299261467,0.1682863073587776,0.1683626455071044,0.16843898754617373,0.16851533358153267,0.1685916837149373,0.16866803804367483,0.16874439665996294,0.16882075965041665,0.1688971270955798,0.16897349906951528,0.1690498756394493,0.1691262568654645,0.16920264280023994,0.1692790334888306,0.169355428968487,0.1694318292685089,0.16950823441013121,0.16958464440643853,0.16966105926230715,0.16973747897437025,0.1698139035310063,0.16989033291234687,0.16996676709030245,0.1700432060286048,0.17011964968286508,0.17019609800064373,0.1702725509215336,0.17034900837725386,0.17042547029175242,0.17050193658131874,0.1705784071547017,0.17065488191323727,0.17073136075097903,0.1708078435548362,0.17088433020471389,0.1709608205736593,0.17103731452800944,0.17111381192754188,0.1711903126256288,0.17126681646938957,0.17134332329984883,0.17141983295213442,0.17149634525724441,0.1715728600637153,0.1716493772538639,0.17172589674910196,0.1718024185017335,0.1718789424921611,0.17195546872536205,0.1720319972276531,0.1721085280437278,0.17218506123394342,0.17226159687183867,0.1723381350418662,0.172414675837322,0.1724912193584581,0.17256776571076418,0.17264431500340513,0.17272086734780226,0.17279742285634883,0.17287398164124712,0.1729505438134601,0.17302710948176636,0.1731036787519127,0.17318025172585466,0.17325682850107937,0.17333340917000375,0.17340999381944197,0.17348658253013755,0.1735631753763524,0.1736397724255118,0.1737163737378976,0.17379297936638766,0.17386958935623603,0.17394620374489175,0.17402282256185378,0.174099445828555,0.17417607355827905,0.1742527057561005,0.17432934241885092,0.17440598353510675,0.17448262908519813,0.17455927904123353,0.1746359333671429,0.17471259201873512,0.1747892549437689,0.17486592208203458,0.1749425933654489,0.17501926871815768,0.1750959480566476,0.1751726312898654,0.17524931831934412,0.17532600903933457,0.17540270333694333,0.17547940109227259,0.17555610217856674,0.17563280646235943,0.1757095138036254,0.17578622405593325,0.17586293706659942,0.17593965267684505,0.17601637072197035,0.176093091033251,0.17616981345916752,0.17624653788259145,0.17632326422496833,0.17639999243879792,0.1764767225046793,0.1765534544277852,0.17663018823462845,0.1767069239700984,0.17678366169474813,0.17686040148231177,0.1769371434174375,0.17701388759361694,0.1770906341112973,0.1771673830761636,0.17724413459757585,0.17732088878715044,0.1773976457574757,0.17747440562094904,0.17755116848872815,0.1776279344697863,0.17770470367006516,0.17778147619171458,0.1778582521324167,0.17793503158478252,0.17801181463582086,0.17808860136646937,0.1781653918511842,0.17824218615758478,0.17831898434614707,0.17839578646994264,0.17847259257441966,0.178549402697221,0.17862621686803892,0.1787030351085005,0.17877985743208255,0.17885668384405318,0.1789335143414375,0.17901034891300538,0.17908718753928007,0.17916403019256308,0.17924087683697723,0.17931772742852461,0.17939458191515684,0.17947144023685704,0.17954830232573482,0.17962516810612866,0.17970203749471766,0.17977891040064106,0.17985578672562444,0.17993266636411093,0.18000954920339932,0.18008643512378397,0.1801633239987012,0.180240215694877,0.18031711007247783,0.18039400698526406,0.18047090628074403,0.18054780780033058,0.1806247113795125,0.1807016168504244,0.18077852406020936,0.18085543289296818,0.18093234327017835,0.18100925514453037,0.18108616849681397,0.1811630833323929,0.1812399996779702,0.18131691757862578,0.18139383709510312,0.18147075830132692,0.18154768128213555,0.18162460613121084,0.18170153294919014,0.18177846184194865,0.18185539291903635,0.1819323262922594,0.18200926207439613,0.1820862003780337,0.1821631413145194,0.18224008499301625,0.18231703151965536,0.18239398099677637,0.1824709335222504,0.18254788918887813,0.1826248480838575,0.18270181028831536,0.18277877587689698,0.18285574491741083,0.1829327174705217,0.1830096935894903,0.18308667331995335,0.18316365669974252,0.18324064375873897,0.18331763451875813,0.1833946289934655,0.18347162718831744,0.18354862910052744,0.18362563471905366,0.18370264402460754,0.1837796569896788,0.18385667357857854,0.18393369374749657,0.18401071744457226,0.18408774460997684,0.18416477517600757,0.18424180906719065,0.18431884620039288,0.18439588648494082,0.18447292982274754,0.18454997610844365,0.18462702522951532,0.18470407706644382,0.18478113149285286,0.18485818837565549,0.1849352475752051,0.18501230894544923,0.18508937233408285,0.1851664375827054,0.1852435045270018,0.18532057299860183,0.1853976428460791,0.1854747139532981,0.18555178624176957,0.18562885966437076,0.18570593420207795,0.1857830098604414,0.1858600866663507,0.18593716466507226,0.18601424391753565,0.186091324497852,0.18616840649104555,0.18624548999098425,0.1863225750984914,0.18639966191962803,0.1864767505641298,0.1865538411439889,0.1866309337721692,0.1867080285614433,0.18678512562334393,0.18686222506721945,0.18693932699938634,0.18701643152236944,0.18709353873422485,0.18717064872793832,0.1872477615908928,0.18732487740439993,0.1874019962432899,0.18747911817555596,0.1875562432620475,0.1876333715562095,0.18771050310386328,0.18778763794302514,0.18786477610376023,0.18794191760806833,0.1880190624697991,0.1880962106945928,0.18817336227984716,0.1882505172147041,0.18832767548005888,0.18840483704858488,0.18848200188477682,0.18855916994500824,0.18863634117760195,0.18871351552291257,0.1887906929134206,0.18886787327383556,0.1889450565212073,0.18902224256504566,0.18909943130744644,0.18917662264322344,0.1892538164600455,0.18933101263857705,0.18940821105262412,0.1894854115692823,0.1895626140490878,0.1896398183461703,0.18971702430840726,0.18979423177758029,0.18987144058955124,0.18994865057654492,0.19002586158631404,0.1901030735036636,0.1901802862501375,0.1902574997787947,0.190334714070793,0.19041192913186347,0.19048914498907718,0.19056636168788155,0.1906435792893872,0.19072079786788618,0.1907980175085839,0.1908752383055288,0.19095246035972507,0.1910296837774144,0.19110690866851318,0.19118413514519417,0.19126136332060134,0.19133859330768804,0.19141582521816716,0.19149305916156753,0.19157029524438565,0.19164753356932646,0.19172477423462628,0.1918020173334508,0.19187926295336283,0.19195651117585388,0.19203376207593376,0.19211101572177527,0.19218827217440762,0.19226553148745548,0.1923427937069195,0.19242005887099536,0.19249732700992764,0.1925745981458952,0.19265187229292696,0.1927291494568423,0.19280642963521777,0.19288371281737468,0.19296099898438696,0.19303828810910675,0.19311558015620764,0.19319287508224178,0.19327017283571057,0.1933474733571473,0.19342477657921067,0.19350208242678868,0.19357939081710962,0.1936567016598615,0.19373401485731842,0.19381133030447212,0.19388864788916937,0.19396596749225256,0.1940432889877058,0.19412061224280247,0.1941979371182561,0.1942752634683745,0.19435259114121237,0.19442991997872927,0.1945072498169583,0.19458458048789373,0.1946619118402034,0.19473924375867266,0.19481657616488068,0.1948939090120637,0.19497124228155682,0.19504857597926875,0.1951259101324475,0.19520324478671783,0.19528058000336748,0.1953579158568654,0.1954352524325939,0.1955125898247783,0.19558992813459958,0.19566726746847635,0.1957446079365012,0.19582194965102337,0.19589929272536363,0.19597663727265155,0.19605398340477637,0.19613133123144316,0.19620868085932425,0.19628603239130094,0.19636338592578526,0.19644074155611882,0.1965180993700403,0.19659545944921697,0.19667282186883425,0.19675018669724068,0.19682755399564072,0.19690492381783437,0.1969822962099977,0.19705967121050172,0.19713704884976593,0.1972144291501448,0.1972918121258419,0.19736919778285156,0.19744658611892532,0.1975239771235591,0.1976013707780014,0.1976787670552794,0.19775616592024112,0.19783356732961294,0.19791097123207077,0.19798837756832216,0.1980657862712003,0.1981431972657672,0.19822061046942518,0.1982980257920363,0.19837544313604863,0.19845286239662766,0.19853028346179397,0.1986077062125637,0.19868513052309425,0.19876255626083303,0.19883998328666685,0.19891741145507677,0.19899484061429118,0.19907227060644236,0.19914970126772805,0.19922713243046555,0.19930456394303997,0.19938199569087872,0.1994594275955937,0.19953685961059328,0.1996142917173851,0.19969172392204995,0.19976915625200808,0.19984658875305658,0.199924021486655,0.20000145452744422,0.2000788879609785,0.2001563218816551,0.20023375639082666,0.20031119159508323,0.2003886276046894,0.20046606453216603,0.20054350249100505,0.20062094159450777,0.20069838195473466,0.200775823681562,0.20085326688183347,0.20093071165860166,0.20100815811044936,0.20108560633088954,0.20116305640783125,0.20124050842311328,0.20131796245209163,0.20139541856328544,0.20147287681807008,0.20155033727041607,0.20162779996666996,0.20170526494537314,0.2017827322371156,0.20186020186442216,0.2019376738416666,0.2020151481750135,0.20209262486238444,0.20217010389344564,0.2022475852496153,0.20232506890409055,0.20240255482188918,0.2024800429599076,0.2025575332669915,0.20263502568401784,0.20271252014398936,0.2027900165721376,0.20286751488603436,0.202945014995711,0.2030225168037849,0.2031000202055908,0.20317752508931838,0.20325503133615297,0.20333253882042113,0.20341004740973878,0.20348755696516183,0.20356506734134022,0.20364257838667094,0.2037200899434551,0.2037976018480573,0.20387511393283037,0.20395262604650766,0.20403013807475898,0.20410764993923067,0.20418516159350003,0.20426267301924297,0.20434018422270886,0.20441769523148662,0.2044952060915412,0.20457271686450085,0.20465022762517443,0.20472773845928444,0.20480524946139606,0.20488276073303008,0.20496027238094436,0.2050377845155712,0.20511529724959923,0.2051928106966881,0.20527032497030667,0.20534784018268282,0.2054253564438604,0.20550287386085034,0.20558039253687233,0.2056579125706768,0.20573543405594344,0.2058129570807488,0.20589048172709812,0.20596800807051466,0.20604553617968402,0.2061230661161486,0.20620059793404547,0.206278131679888,0.20635566739238387,0.2064332051022895,0.20651074483229614,0.20658828659694398,0.2066658304025637,0.2067433762472432,0.20682092412081446,0.20689847400486192,0.20697602587274835,0.20705357968965768,0.20713113541265196,0.20720869299074246,0.20728625236497183,0.20736381346850863,0.20744137622674952,0.20751894055743192,0.2075965063707525,0.20767407356949374,0.2077516420491557,0.2078292116980931,0.20790678239765634,0.2079843540223368,0.20806192643991547,0.20813949951161315,0.20821707309224433,0.20829464703037073,0.2083722211684583,0.20844979534303085,0.20852736938661381,0.20860494314797356,0.20868251651320308,0.2087600894039824,0.208837661774053,0.2089152336052548,0.20899280490400116,0.209070375698045,0.2091479460335153,0.20922551597220387,0.2093030855890833,0.20938065497003994,0.2094582242098025,0.20953579341005524,0.20961336267771946,0.20969093212339096,0.20976850185992144,0.209846072001134,0.20992364266066033,0.210001213950892,0.2100787859820353,0.21015635886126444,0.21023393269196178,0.21031150757304057,0.21038908359834332,0.21046666085610918,0.21054423942850609,0.21062181939121963,0.210699400813098,0.21077698375584591,0.21085456827376264,0.21093215441352403,0.2110097422139998,0.2110873317061086,0.21116492291270353,0.21124251584848677,0.21132011051995092,0.2113977069253455,0.2114753050546645,0.21155290488965398,0.2116305064038384,0.21170810956256308,0.21178571432305157,0.2118633206344764,0.2119409284380418,0.21201853766707737,0.2120961482471412,0.21217376009613145,0.212251373124406,0.2123289872349084,0.2124066023232994,0.2124842182780949,0.21256183498080597,0.2126394523060847,0.21271707012187258,0.21279468828955092,0.2128723066640948,0.21294992509422625,0.21302754342257155,0.21310516148581032,0.21318277911662858,0.2132603961638375,0.21333801251393686,0.21341562808864037,0.2134932428418491,0.21357085675556287,0.21364846983635508,0.21372608211213806,0.21380369362920035,0.21388130444949346,0.2139589146481499,0.214036524311215,0.21411413353357683,0.21419174241707917,0.21426935106880243,0.21434695959950154,0.21442456812218744,0.21450217675084204,0.2145797855992564,0.21465739477998044,0.21473500440337975,0.21481261457678696,0.21489022540374356,0.21496783698332098,0.2150454494095203,0.2151230627707393,0.2152006771493043,0.21527829262105924,0.21535590925501072,0.2154335271130215,0.21551114624954912,0.21558876671142743,0.21566638853768433,0.21574401175939617,0.215821636399574,0.2158992624730776,0.21597688998655773,0.2160545189384213,0.21613214931882,0.21620978110965747,0.21628741428461554,0.216365048809197,0.2164426846407826,0.21652032172870236,0.21659796001431755,0.21667559943111497,0.21675323990480966,0.21683088135345713,0.2169085236875719,0.2169861668102544,0.21706381061732233,0.2171414549974481,0.2172190998322994,0.21729674499668508,0.21737439035870315,0.2174520357798913,0.21752968111538096,0.21760732621405074,0.21768497091868308,0.21776261506610906,0.21784025848918817,0.21791790103674757,0.2179955425956913,0.21807318308776738,0.2181508224670329,0.21822846071564356,0.21830609784032828,0.2183837338691553,0.21846136884856868,0.21853900284067548,0.2186166359207634,0.21869426817503346,0.21877189969852923,0.21884953059324938,0.21892716096642978,0.21900479092898045,0.2190824205940673,0.21916005007582748,0.2192376794882068,0.2193153089439101,0.21939293855345773,0.2194705684243372,0.21954819866024428,0.21962582936040542,0.2197034606189762,0.2197810925245088,0.21985872515948385,0.2199363585998998,0.2200139929149175,0.22009162816655387,0.22016926440942058,0.2202469016905054,0.22032454004899024,0.2204021795161057,0.22047982011501646,0.22055746186073638,0.22063510476006967,0.220712748811577,0.22079039400556363,0.22086804032408683,0.2209456877409819,0.2210233362219049,0.22110098572439013,0.22117863619792075,0.2212562875840113,0.22133393981630164,0.22141159282066017,0.22148924651529503,0.22156690081087396,0.22164455561065033,0.22172221081059446,0.22179986629953147,0.22187752195928187,0.22195517766480727,0.22203283328435794,0.22211048867962427,0.2221881437058903,0.22226579821218645,0.22234345204144795,0.2224211050306533,0.22249875701282407,0.22257640783681343,0.22265405738991825,0.2227317055939186,0.22280935240302333,0.22288699779954024,0.22296464179034964,0.22304228440367185,0.2231199256861023,0.22319756569989987,0.22327520452050365,0.22335284223426607,0.22343047893638202,0.22350811472900167,0.2235857497195121,0.22366338401897437,0.22374101774070557,0.22381865099899406,0.2238962839079364,0.22397391658038845,0.22405154912702147,0.2241291816554737,0.22420681426959166,0.22428444706875264,0.22436208014726264,0.2244397135938243,0.22451734749106894,0.22459498191514513,0.22467261693536433,0.22475025261389356,0.22482788900549508,0.22490552615730644,0.22498316410865965,0.22506080289093552,0.22513844252744844,0.22521608303336246,0.22529372441563134,0.22537136667296578,0.22544900979582064,0.22552665376640277,0.22560429855869701,0.2256819441385091,0.22575959046352262,0.22583723748337012,0.2259148851397157,0.22599253336634817,0.22607018208928512,0.226147831226884,0.2262254806899615,0.22630313038192,0.22638078019887864,0.2264584300298117,0.22653607975668844,0.22661372925461887,0.22669137839200226,0.22676902703067767,0.2268466750260774,0.22692432222738057,0.22700196847767043,0.22707961361406975,0.22715725746918167,0.22723489989299459,0.22731254077266777,0.22739018003001402,0.2274678176193897,0.22754545352325006,0.22762308774862328,0.22770072032387695,0.22777835129575386,0.22785598072666,0.22793360869218215,0.22801123527881975,0.228088860581915,0.22816648470376494,0.228244107751904,0.22832172983754015,0.22839935107413725,0.22847697157613087,0.22855459145776422,0.2286322108320401,0.22870982980977644,0.22878744849875815,0.22886506700297835,0.2289426854219606,0.22902030385015779,0.22909792237641902,0.22917554108352187,0.2292531600477612,0.2293307793385949,0.2294083990183361,0.22948601914189307,0.2295636397565496,0.22964126090178394,0.22971888260912268,0.2297965049020261,0.229874127795804,0.2299517512975563,0.2300293754061392,0.23010700011215324,0.23018462539795093,0.23026225123766286,0.23033987759724014,0.23041750443451217,0.23049513169925648,0.23057275933328258,0.23065038727052464,0.23072801543714552,0.23080564375164778,0.23088327212499318,0.2309609004607291,0.23103852865511998,0.23111615659728474,0.23119378416933756,0.23127141124653322,0.23134903769741605,0.23142666338396944,0.2315042881617706,0.2315819118801431,0.23165953438231474,0.23173715550554863,0.23181477508314874,0.23189239296408015,0.23197000903635764,0.2320476232218283,0.23212523547499292,0.2322028457784516,0.23228045413937667,0.23235806058628025,0.23243566516604913,0.2325132679412339,0.23259086898756537,0.23266846839168695,0.23274606624908506,0.23282366266220086,0.23290125773871231,0.23297885158997123,0.23305644432958558,0.23313403607213407,0.23321162693200412,0.2332892170223417,0.2333668064541085,0.23344439533523262,0.23352198376985067,0.23359957185762958,0.2336771596931653,0.2337547473654503,0.23383233495740496,0.2339099225454674,0.23398751019923855,0.23406509798117436,0.23414268594632592,0.23422027414211988,0.2342978626081769,0.23437545137616647,0.2344530404696914,0.23453062990420406,0.23460821968694684,0.23468580981691808,0.23476340028486095,0.23484099107327033,0.23491858215641856,0.23499617350039903,0.2350737650631833,0.23515135679469082,0.235228948636873,0.23530654052380598,0.23538413238179443,0.23546172412948246,0.23553931567797387,0.2356169069309573,0.2356944977848388,0.235772088128879,0.23584967784533342,0.23592726680959833,0.23600485489035902,0.23608244194974032,0.2361600278434604,0.23623761242098448,0.23631519552568117,0.23639277699495026,0.2364703566622719,0.23654793437658544,0.23662551002629145,0.23670308353326786,0.23678065485215605,0.2368582239656966,0.2369357908812027,0.23701335562732653,0.23709091825109585,0.23716847881520112,0.2372460373955137,0.2373235940788173,0.23740114896073847,0.23747870214385827,0.23755625373599504,0.23763380384864055,0.2377113525955425,0.23778890009141954,0.23786644645079866,0.2379439917869663,0.23802153621102295,0.23809907983103698,0.23817662275128426,0.23825416507157163,0.23833170688663405,0.2384092482856034,0.2384867893515396,0.2385643301610198,0.23864187078378413,0.23871941128242774,0.23879695171214066,0.23887449212048886,0.23895203254723194,0.23902957302417793,0.2391071135750689,0.23918465421549565,0.2392621949528393,0.23933973578623688,0.23941727670657026,0.23949481769647266,0.23957235873035493,0.23964989977444903,0.2397274407868645,0.2398049817176595,0.2398825225089234,0.2399600630948705,0.24003760340194372,0.2401151433489251,0.24019268284705633,0.24027022180016427,0.2403477601047926,0.2404252976503398,0.24050283431919894,0.24058036998690407,0.24065790452227823,0.24073543778758366,0.2408129696386761,0.24089049992515807,0.24096802849053564,0.24104555517235832,0.24112307980420436,0.2412006022350901,0.24127812235374269,0.24135564008207477,0.24143315537486507,0.24151066821499123,0.24158817860990278,0.24166568658838888,0.24174319219761436,0.24182069550040625,0.2418981965727723,0.24197569550163325,0.24205319238275183,0.24213068731884588,0.24220818041786982,0.24228567179145194,0.24236316155347618,0.24244064981879762,0.2425181367020794,0.24259562231674384,0.2426731067740279,0.2427505901821355,0.24282807264547876,0.24290555426400015,0.24298303513257047,0.2430605153404574,0.24313799497085664,0.24321547410048114,0.24329295279920632,0.2433704311297629,0.24344790914747658,0.24352538690004846,0.2436028644273737,0.24368034176139555,0.24375781892599108,0.24383529593688658,0.24391277280159832,0.24399024951939824,0.2440677260813032,0.24414520247008129,0.24422267866027852,0.24430015461826124,0.2443776303022742,0.2444551056625098,0.24453258064119243,0.24461005517267093,0.2446875291835224,0.24476500259266395,0.24484247531147119,0.24491994724390548,0.24499741828664492,0.24507488832922192,0.24515235725416404,0.24522982493713924,0.24530729124710474,0.24538475604645676,0.2454622191911848,0.24553968053102543,0.24561713990961861,0.24569459716462755,0.24577205212978204,0.24584950465415556,0.24592695462678626,0.24600440196962195,0.24608184663757454,0.24615928861365513,0.2462367279054469,0.2463141645418723,0.24639159857022896,0.24646903005347756,0.2465464590677588,0.2466238857001265,0.24670131004647633,0.2467787322096591,0.24685615229776234,0.24693357042254674,0.24701098669802954,0.2470884012391982,0.24716581416084865,0.24724322557653583,0.24732063559762912,0.247398044332465,0.24747545188558814,0.24755285835707308,0.24763026384192338,0.24770766842953873,0.24778507220324703,0.2478624752398934,0.24793987760948538,0.24801727937488569,0.24809468059155207,0.2481720813073175,0.24824948156220897,0.24832688138830153,0.24840428080960428,0.248481679841975,0.24855907849306136,0.24863647676226724,0.24871387464074085,0.2487912721113817,0.24886866914886718,0.24894606571969527,0.24902346178224166,0.24910085728683037,0.24917825217581668,0.24925564638368058,0.24933303983713032,0.24941043245521377,0.24948782414943785,0.24956521482389468,0.24964260437539307,0.24971999269359646,0.24979737966116294,0.2498747651538913,0.24995214904086918,0.25002953118462373,0.2501069114412744,0.25018428966068856,0.2502616656866364,0.2503390393569086,0.2504164105032652,0.25049377897893443,0.2505711446712898,0.2506485075023112,0.2507258674270397,0.2508032244286158,0.2508805785147513,0.2509579297144978,0.25103527807528286,0.2511126236601954,0.2511899665455058,0.2512673068183963,0.25134464457489153,0.25142197991797127,0.25149931295585165,0.2515766438004224,0.25165397256582933,0.2517312993671889,0.25180862431942536,0.2518859475362226,0.2519632691290779,0.2520405892064575,0.25211790787303306,0.2521952252290089,0.25227254136951655,0.25234985638408447,0.25242717035616735,0.2525044833627402,0.2525817954739378,0.2526591067527513,0.2527364172547666,0.25281372702794475,0.25289103611244096,0.25296834454045813,0.2530456523361334,0.2531229595154526,0.2532002660861909,0.25327757204788026,0.25335487739179635,0.2534321821009669,0.25350948615019675,0.2535867895061111,0.2536640921272135,0.2537413939639557,0.25381869495882026,0.2538959950464147,0.2539732941535746,0.2540505921994752,0.2541278890957509,0.2542051847466205,0.25428247904902096,0.25435977189274206,0.2544370631605691,0.2545143527284279,0.2545916404655333,0.2546689262345394,0.2547462098916926,0.25482349128698706,0.2549007702643197,0.2549780466616041,0.25505532031287736,0.25513259106719594,0.2552098588142809,0.2552871234761405,0.255364385007943,0.2554416433929563,0.25551889863901966,0.25559615077531156,0.25567339984938675,0.25575064592446134,0.25582788907693194,0.25590512939410803,0.2559823669721412,0.256059601914138,0.25613683432844087,0.2562140643270665,0.2562912920242874,0.25636851753534584,0.2564457409752932,0.25652296245793926,0.2566001820949084,0.2566773999947922,0.256754616262389,0.25683183099802825,0.2569090442969684,0.25698625624886356,0.25706346693729476,0.2571406764393624,0.25721788482532726,0.2572950921583063,0.2573722984940112,0.25744950388052806,0.257526708358138,0.2576039119591695,0.257681114707885,0.25775831662039544,0.25783551770460106,0.2579127179601595,0.2579899173784716,0.25806711594269016,0.2581443136277446,0.25822151040038616,0.2582987062192426,0.25837590103489055,0.25845309478993744,0.2585302874191157,0.2586074788493851,0.2586846690000461,0.25876185778285704,0.2588390451021622,0.2589162308550219,0.25899341493135075,0.2590705972140586,0.2591477775791954,0.25922495589610023,0.25930213202755115,0.2593793058299185,0.25945647715332076,0.25953364584177885,0.2596108117333503,0.2596879746609107,0.2597651344760182,0.2598422910675089,0.25991944435742553,0.25999659430105965,0.2600737408818021,0.26015088410761544,0.2602280240078014,0.26030516063003706,0.26038229403766194,0.2604594243071957,0.2605365515260705,0.2606136757905608,0.2606907972038957,0.2607679158745408,0.26084503191463526,0.26092214543857417,0.2609992565617227,0.26107636539925394,0.2611534720651008,0.26123057667100974,0.26130767932569454,0.26138478013407623,0.261461879196607,0.26153897660866715,0.26161607246003227,0.2616931668344063,0.2617702598090113,0.26184735145423055,0.2619244418333022,0.2620015310020604,0.26207861900871343,0.2621557058936635,0.2622327916893614,0.2623098764201911,0.2623869601023849,0.2624640427439657,0.26254112434471144,0.26261820489614524,0.262695284381541,0.26277236277595,0.2628494400462444,0.2629265161511734,0.263003591041435,0.26308066465975766,0.26315773694099504,0.26323480781222824,0.26331187719287824,0.26338894499482524,0.26346601112253354,0.263543075473185,0.2636201379368151,0.2636971983964543,0.2637742567282732,0.2638513128017316,0.26392836647972856,0.26400541761875457,0.2640824660690491,0.26415951167475343,0.26423655427401815,0.2643135937011382,0.2643906298052349,0.2644676624766201,0.2645446916373724,0.2646217172429036,0.2646987392767251,0.26477575774691986,0.2648527726829104,0.2649297841324941,0.2650067921591309,0.2650837968394606,0.26516079826103545,0.26523779652025,0.2653147917204535,0.2653917839702317,0.26546877338184377,0.2655457600698048,0.26562274414959935,0.2656997257365207,0.26577670494462113,0.265853681885767,0.26593065666879223,0.26600762939873657,0.26608460017617197,0.2661615690965982,0.26623853624991045,0.26631550171993174,0.2663924655840036,0.26646942791262834,0.26654638876916337,0.2666233482095621,0.2667003062821516,0.2667772630274534,0.26685421847803664,0.2669311726584046,0.2670081255849086,0.2670850772656895,0.2671620277006448,0.2672389768814157,0.2673159247913952,0.26739287140575274,0.26746981669147935,0.2675467606074425,0.26762370310445854,0.2677006441253739,0.26777758360516063,0.26785452147101874,0.26793145764248694,0.26800839203156324,0.26808532454283035,0.2681622550735877,0.26823918351398907,0.2683161097471826,0.2683930336494571,0.26846995509038957,0.26854687393299725,0.26862379003388837,0.2687007032434199,0.26877761340585055,0.26885452035944535,0.2689314239386245,0.2690083239925331,0.2690852204117763,0.269162113118463,0.26923900206812235,0.26931588724438277,0.2693927686554446,0.269469646330847,0.26954652031850473,0.26962339068199426,0.26970025749807297,0.2697771208544094,0.2698539808475156,0.2699308375808573,0.27000769116313655,0.2700845417067291,0.2701613893262669,0.2702382341373513,0.2703150762553918,0.27039191579455707,0.27046875286683003,0.270545587581161,0.27062242004270604,0.2706992503521531,0.270776078605118,0.2708529048916125,0.27092972929557557,0.27100655189446476,0.27108337275889766,0.271160191952349,0.27123700953088675,0.27131382554295436,0.27139064002918906,0.2714674530222759,0.2715442645468334,0.2716210746193286,0.2716978832480184,0.27177469043291547,0.2718514961657767,0.2719283004301097,0.2720051032012002,0.2720819044461537,0.2721587041239532,0.27223550218553083,0.2723122985738479,0.2723890932239914,0.2724658860632758,0.27254267701135565,0.2726194659803434,0.2726962528749368,0.2727730375925506,0.27284982002345287,0.2729266000509066,0.2730033775513154,0.2730801523943707,0.2731569244432045,0.2732336935545392,0.2733104595788463,0.2733872223604991,0.27346398173787395,0.2735407375455109,0.2736174896325866,0.27369423788998204,0.27377098223983865,0.27384772263780005,0.2739244590676089,0.2740011915375795,0.2740779200773646,0.27415464473499324,0.27423136557415595,0.27430808267172313,0.2743847961154777,0.27446150600204505,0.274538212435005,0.27461491552317296,0.2746916153790387,0.2747683121173473,0.2748450058538137,0.27492169670396094,0.27499838478207084,0.2750750702002401,0.27515175306753126,0.27522843348921444,0.2753051115660906,0.27538178739388874,0.2754584610627337,0.27553513265667723,0.27561180225328996,0.2756884699233027,0.2757651357303023,0.27584179973047046,0.2759184619723629,0.2759951224967295,0.2760717813363683,0.27614843851601034,0.2762250940522354,0.27630174795341206,0.27637840021966636,0.27645505084286737,0.276531699806635,0.2766083470863676,0.2766849926492824,0.27676163645447527,0.27683827845298964,0.2769149185878994,0.27699155679440396,0.27706819299993,0.27714482712424315,0.2772214590795684,0.2772980887707156,0.2773747160952107,0.2774513409434335,0.27752796319875933,0.27760458273770305,0.27768119943006797,0.27775781313909725,0.2778344237216252,0.27791103102823467,0.27798763490341083,0.2780642351856383,0.27814083170957377,0.2782174243244204,0.27829401292133493,0.27837059742248793,0.27844717778363387,0.2785237539886268,0.2786003260458916,0.27867689398519274,0.2787534578546696,0.2788300177181239,0.27890657365253635,0.27898312574580164,0.27905967409465515,0.27913621880278794,0.2792127599791257,0.2792892977362687,0.2793658321890728,0.2794423634533634,0.2795188916447738,0.2795954168776967,0.27967193926433864,0.27974845891387295,0.2798249759316798,0.2799014904186706,0.279978002470684,0.2800545121779553,0.28013101962464665,0.28020752488843814,0.28028402804017105,0.280360529143542,0.2804370282548421,0.28051352542273755,0.28059002068808725,0.28066651408379956,0.28074300563471527,0.2808194953575232,0.2808959832607027,0.2809724693444882,0.2810489536008584,0.28112543601354323,0.2812019165580497,0.28127839520170544,0.281354871903715,0.281431346615231,0.2815078192794367,0.2815842898316404,0.2816607581993778,0.2817372243025239,0.28181368805341284,0.2818901493569631,0.2819666081108097,0.2820430642054416,0.28211951752434256,0.2821959679441361,0.28227241533473474,0.2823488595594901,0.28242530047534536,0.28250173793299166,0.28257817177702244,0.2826546018460597,0.2827310279747819,0.28280745001251717,0.28288386785064423,0.2829602814113701,0.28303669065055737,0.2831130955521684,0.2831894961247362,0.2832658923981335,0.28334228442060744,0.2834186722560678,0.2834950559816036,0.2835714356852171,0.2836478114637519,0.28372418342100647,0.2838005516660143,0.2838769163114837,0.2839532774723777,0.28402963526463,0.2841059898039809,0.284182341204931,0.2842586895797941,0.28433503503785107,0.2844113776845895,0.284487717621028,0.2845640549431127,0.28464038974118605,0.2847167220995172,0.28479305209589384,0.2848693798012639,0.28494570527943136,0.2850220285867946,0.2850983497721261,0.28517466887639253,0.28525098593260845,0.28532730096572134,0.28540361399252745,0.2854799250216123,0.2855562340533174,0.2856325410797278,0.2857088460846805,0.2857851490437888,0.2858614499244866,0.2859377486860847,0.28601404527984264,0.2860903396490498,0.28616663172912116,0.28624292144769814,0.28631920872476263,0.28639549347275434,0.28647177559669795,0.28654805499433467,0.2866243315562595,0.2867006051660621,0.2867768757004723,0.2868531430295079,0.2869294070166268,0.28700566751887796,0.2870819243870581,0.2871581774658664,0.28723442659399623,0.28731067160632995,0.28738691235213265,0.28746314872306694,0.28753938064137136,0.28761560806301434,0.2876918309720629,0.2877680493771556,0.28784426330827034,0.2879204728137598,0.2879966779576392,0.28807287881710225,0.28814907548025614,0.2882252680440499,0.2883014566123868,0.28837764129440574,0.28845382220291954,0.28852999945299646,0.28860617316067466,0.28868234344179955,0.2887585104109762,0.28883467418062314,0.2889108348601258,0.28898699255507654,0.2890631473665985,0.28913929939074234,0.28921544871795496,0.28929159543261024,0.2893677396125996,0.28944388132897564,0.28952002064564647,0.28959615761911467,0.2896722922982572,0.2897484247241447,0.28982455492989606,0.2899006829405627,0.2899768087730447,0.2900529324360316,0.29012905392996885,0.29020517324704526,0.29028129037120154,0.2903574052781549,0.29043351793544314,0.2905096283024807,0.2905857363306306,0.29066184196328604,0.2907379451359651,0.29081404577641334,0.29089014380471534,0.2909662391334148,0.2910423316676395,0.2911184213052341,0.2911945079368969,0.2912705914463205,0.2913466717103381,0.29142274859907075,0.2914988219760792,0.2915748916985157,0.2916509576172798,0.2917270195771736,0.2918030774169907,0.29187913096816887,0.2919551800870147,0.2920312246620114,0.2921072646154234,0.2921832999033205,0.2922593305098718,0.292335356443818,0.2924113777352384,0.2924873944325873,0.2925634065999818,0.29263941431471724,0.29271541766500253,0.29279141674788833,0.29286741166737906,0.29294340253271567,0.29301938945681255,0.2930953725548391,0.2931713519429348,0.2932473277370472,0.2933233000518818,0.2933992689999593,0.2934752346907664,0.2935511972299964,0.29362715671887407,0.29370311325355086,0.2937790669245754,0.29385501781642226,0.2939309660070842,0.29400691156771525,0.2940828545623239,0.29415879504751413,0.29423473307226417,0.29431066867774525,0.2943866018971773,0.2944625327557127,0.2945384612703522,0.2946143874498867,0.29469031129486184,0.2947662327975676,0.2948421519420453,0.29491806870411275,0.2949939830514081,0.2950698949434469,0.2951458043316925,0.29522171115963886,0.2952976153629044,0.2953735168693351,0.2954494155991163,0.2955253114648919,0.2956012043718898,0.2956770942180552,0.2957529808941867,0.2958288642840771,0.29590474426465996,0.2959806207061564,0.29605649347222723,0.2961323624201247,0.2962082274008486,0.29628408825930136,0.2963599448344092,0.29643579696119815,0.2965116444890303,0.2965874873100406,0.29666332534653495,0.29673915855468436,0.29681498691875835,0.29689081044759796,0.29696662917138267,0.29704244313866757,0.2971182524136697,0.29719405707378516,0.2972698572073232,0.2973456529114342,0.29742144429022327,0.2974972314530307,0.2975730145128713,0.29764879358501434,0.29772456878569953,0.29780034023097357,0.2978761080356426,0.2979518723123266,0.2980276331706118,0.2981033907162915,0.2981791450506898,0.2982548962700582,0.2983306444650441,0.29840638972022193,0.29848213211368363,0.2985578717166826,0.29863360859332694,0.29870934280031924,0.2987850743867371,0.2988608033938511,0.29893652985497987,0.299012253795375,0.2990879752321363,0.29916369417415367,0.2992394106220712,0.2993151245682776,0.2993908359969136,0.2994665448838954,0.2995422511969599,0.29961795489572124,0.2996936559317411,0.2997693542486121,0.29984504978205107,0.29992074246000244,0.2999964322027499,0.3000721189230356,0.3001478025261862,0.30022348291024414,0.3002991599661072,0.30037483357766587,0.3004505036219516,0.30052616996928355,0.3006018324834209,0.3006774910217135,0.30075314543525894,0.3008287955690577,0.3009044412620951,0.30098008234949625,0.3010557186807534,0.30113135014818165,0.3012069766741075,0.3012825982147992,0.3013582147546237,0.3014338263025199,0.3015094328887646,0.30158503456201013,0.3016606313865708,0.30173622343994005,0.30181181081052394,0.3018873935955703,0.3019629718992815,0.3020385458310947,0.3021141155041219,0.30218968103372923,0.3022652425362532,0.30234080012783754,0.3024163539233852,0.302491904035613,0.3025674505742039,0.30264299364504804,0.3027185333495658,0.302794069784105,0.3028696030394103,0.30294513320015226,0.30302066034451935,0.3030961845438618,0.3031717058623838,0.30324722435688445,0.30332274007653715,0.3033982530627091,0.30347376334881515,0.30354927096020284,0.3036247759140682,0.30370027821939716,0.3037757778769301,0.30385127487915164,0.3039267692102981,0.30400226084638166,0.3040777497552353,0.30415323589656856,0.3042287192220397,0.30430419967533645,0.3043796771922711,0.3044551517008842,0.30453062312155477,0.30460609136712075,0.3046815563430038,0.3047570179473426,0.30483247607112923,0.30490793059835025,0.30498338140613224,0.30505882836488996,0.30513427133847754,0.30520971018434007,0.3052851447536706,0.3053605748915638,0.30543600043713665,0.30551142122561337,0.3055868371064096,0.30566224797212554,0.30573765374512296,0.30581305438176554,0.3058884498665148,0.305963840208404,0.3060392254378054,0.3061146056034656,0.30618998076979353,0.30626535101437724,0.3063407164257174,0.30641607710115654,0.306491433144991,0.30656678466675286,0.30664213177964783,0.3067174745991371,0.3067928132416512,0.3068681478234283,0.30694347845946524,0.3070188052625731,0.3070941283425291,0.307169447805317,0.30724476375245147,0.3073200762803747,0.3073953854799251,0.3074706914358669,0.3075459942264829,0.30762129392321613,0.30769659059036547,0.30777188428482355,0.3078471750558578,0.3079224629449287,0.3079977479855445,0.30807303020314675,0.3081483096150249,0.3082235862302578,0.3082988600496799,0.3083741310658688,0.3084493992631546,0.3085246646176426,0.3085999270972591,0.3086751866618069,0.3087504432630372,0.3088256968447309,0.30890094734279383,0.30897619468535914,0.30905143879289887,0.309126679578344,0.3092019169472093,0.30927715079772633,0.3093523810209799,0.3094276075010493,0.30950283011515395,0.30957804873380135,0.30965326322093806,0.3097284734341022,0.30980367922457897,0.3098788804375564,0.3099540769122033,0.31002926848387463,0.3101044550020644,0.3101796363595373,0.31025481247869174,0.3103299833159833,0.31040514885596654,0.31048030910776653,0.3105554641018471,0.31063061388704777,0.3107057585278691,0.31078089810199133,0.3108560326980073,0.31093116241335134,0.3110062873524117,0.31108140762481234,0.31115652334385097,0.3112316346250807,0.3113067415850234,0.311381844340009,0.31145694300512633,0.31153203769327814,0.3116071285143327,0.31168221557436615,0.3117572989749844,0.31183237881272075,0.31190745517850527,0.31198252815719363,0.31205759782716014,0.31213266425993896,0.31220772751992054,0.3122827876640879,0.3123578447418001,0.31243289879460895,0.3125079498561141,0.3125829979518477,0.31265804309919026,0.3127330853073119,0.3128081245771379,0.3128831609013369,0.3129581942643291,0.31303322464231154,0.3131082520033007,0.31318327630719045,0.3132582975058226,0.313333315543069,0.31340833035492555,0.31348334186961646,0.3135583500077039,0.3136333546822096,0.3137083557987386,0.3137833532556134,0.31385834694400866,0.3139333367480944,0.31400832254518,0.3140833042058633,0.31415828159418124,0.314233254567762,0.31430822297798106,0.31438318667011633,0.3144581454834244,0.31453309925131556,0.3146080478273459,0.3146829911025103,0.3147579289992363,0.3148328614740689,0.3149077885116517,0.31498271012119905,0.3150576263332646,0.31513253719677686,0.315207442776326,0.3152823431496817,0.31535723840552565,0.3154321286413813,0.31550701396172626,0.31558189447627344,0.31565677029841005,0.3157316415437777,0.3158065083289877,0.31588137077045886,0.31595622898336884,0.3160310830807095,0.3161059331724379,0.3161807793647191,0.31625562175924776,0.3163304604526461,0.31640529553593283,0.3164801270940522,0.31655495520546706,0.3166297799418009,0.3167046013675323,0.3167794195397333,0.31685423450785083,0.3169290463135259,0.31700385499044614,0.3170786605642321,0.3171534630523535,0.31722826246406804,0.3173030588003898,0.31737785205407537,0.31745264220963365,0.31752742924334953,0.3176022131233279,0.3176769938095506,0.31775177125394766,0.31782654540047894,0.3179013161852286,0.317976083536509,0.31805084737497025,0.3181256076137219,0.3182003641584572,0.318275116907586,0.31834986575237106,0.3184246105770703,0.3184993512590811,0.31857408766908846,0.3186488196712173,0.3187235471231834,0.31879826987645005,0.31887298777638257,0.31894770066232325,0.3190224083698115,0.31909711074839653,0.31917180769126163,0.31924649912086117,0.3193211849938281,0.3193958652948933,0.3194705400333594,0.31954520923986757,0.3196198729634337,0.3196945312687359,0.31976918423363093,0.3198438319468884,0.31991847450611877,0.3199931120158872,0.3200677445859942,0.320142372329914,0.32021699536337556,0.3202916138030769,0.3203662277655246,0.32044083736598356,0.3205154427175324,0.3205900439302153,0.32066464111028403,0.3207392343595204,0.32081382377463386,0.3208884094467296,0.32096299146083895,0.3210375698955116,0.3211121448224574,0.3211867163062416,0.3212612844040235,0.32133584916533636,0.3214104106319076,0.32148496883751143,0.321559523807855,0.32163407556049417,0.32170862410477313,0.32178316944179225,0.32185771156439474,0.3219322504571755,0.3220067860965057,0.3220813184505766,0.3221558474794564,0.32223037313516084,0.32230489536173573,0.32237941409535176,0.3224539292644064,0.32252844078963666,0.32260294858423744,0.32267745255398794,0.32275195259738376,0.3228264486057737,0.32290094046350104,0.3229754280480489,0.32304991123018856,0.3231243898741302,0.323198863837675,0.3232733329723716,0.3233477971236712,0.3234222561309989,0.3234967098300199,0.3235711580702386,0.3236456007450728,0.32372003777700503,0.3237944691227533,0.32386889476713404,0.3239433147195352,0.32401772901068254,0.32409213768967754,0.324166540821283,0.3242409384834408,0.32431533076500507,0.3243897177636718,0.32446409958409106,0.3245384763361479,0.3246128481334014,0.32468721509166526,0.32476157732772304,0.32483593495816515,0.324910288098341,0.3249846368614142,0.32505898135751327,0.32513332169297515,0.32520765796966544,0.3252819902843781,0.32535631872830306,0.32543064338655586,0.3255049643377704,0.3255792816537412,0.3256535953991177,0.3257279056311431,0.32580221239943513,0.325876515745805,0.3259508157041111,0.3260251123001448,0.32609940555154626,0.32617369546774344,0.32624798204992034,0.3263222652910045,0.3263965451756745,0.32647082168038544,0.3265450947734122,0.32661936441490685,0.326693630556969,0.32676789314372784,0.3268421521114379,0.32691640738858013,0.32699065889597506,0.32706490654690124,0.3271391502472214,0.3272133898955143,0.3272876253832126,0.3273618565947427,0.32743608340767105,0.32751030569285206,0.32758452331457943,0.3276587361307371,0.32773294399295766,0.3278071467467747,0.3278813442317387,0.32795553628128826,0.32802972274942294,0.3281039035275532,0.32817807853820496,0.32825224773817874,0.32832641111237354,0.32840056867025963,0.3284747204426453,0.3285488664787143,0.3286230068433115,0.32869714161446156,0.328771270881101,0.32884539474100766,0.3289195132989141,0.3289936266647875,0.32906773495226915,0.3291418382772545,0.3292159367566095,0.32929003050700667,0.3293641196438776,0.32943820428046755,0.32951228452698755,0.32958636048985596,0.32966043227102115,0.3297344999673578,0.3298085636701385,0.3298826234645603,0.3299566794293393,0.3300307316363512,0.33010478015032724,0.33017882502859247,0.3302528663208463,0.3303269040689817,0.3304009383069387,0.33047496906059043,0.3305489963476575,0.33062302017765033,0.3306970405518344,0.3307710574632186,0.33084507089656273,0.3309190808284032,0.3309930872270966,0.3310670900528759,0.33114108925792185,0.3312150847864457,0.3312890765747824,0.3313630645514948,0.33143704863748374,0.33151102874610966,0.3315850047833158,0.3316589766477622,0.3317329442309624,0.331806907417424,0.3318808660847944,0.3319548201040088,0.3320287693394417,0.3321027136490585,0.3321766528845718,0.3322505868915964,0.33232451550971787,0.3323984385747782,0.3324723559363266,0.3325462674881581,0.33262017315281445,0.33269407288717745,0.3327679666762267,0.33284185452951354,0.3329157364779272,0.3329896125707321,0.3330634828728542,0.33313734746239837,0.33321120642838215,0.3332850598686642,0.3333589078880575,0.33343275059660965,0.3335065881080428,0.33358042053833287,0.3336542480044261,0.33372807062307547,0.33380188850979275,0.3338757017779039,0.33394951053769983,0.33402331489567955,0.3340971149538709,0.3341709108092299,0.33424470255310834,0.3343184902707836,0.3343922740410517,0.3344660539358685,0.33453983002004534,0.334613602350987,0.33468737097847295,0.33476113594447565,0.33483489728301485,0.33490865502004374,0.3349824091733632,0.33505615975256253,0.33512990675898713,0.33520365018572557,0.3352773900176171,0.3353511262312776,0.3354248587951429,0.33549858766952584,0.3355723128066868,0.3356460341509158,0.3357197516386275,0.3357934651984638,0.335867174751405,0.33594088021089075,0.3360145814829434,0.33608827846630224,0.3361619710525598,0.33623565912630293,0.3363093425652579,0.33638302124043845,0.33645669501629855,0.33653036375088236,0.3366040272959816,0.3366776854972899,0.3367513381945143,0.3368249852211626,0.33689862643148066,0.3369722617171461,0.33704589100074217,0.33711951423922887,0.3371931314176641,0.3372667425456772,0.33734034765423565,0.3374139467926818,0.33748754002601966,0.33756112743243233,0.3376347091010153,0.33770828512970513,0.3377818556233926,0.3378554206922032,0.337928980449937,0.3380025350126481,0.33807608449736015,0.33814962902090406,0.3382231686988692,0.3382967036446595,0.3383702339686435,0.3384437597773979,0.33851728117302826,0.3385907982525679,0.3386643111074462,0.33873781982301826,0.33881132447815754,0.3388848251448974,0.3389583218881265,0.33903181476532707,0.33910530382635645,0.3391787891132638,0.33925227066014685,0.3393257484930355,0.3393992226298077,0.33947269308013067,0.3395461598454265,0.33961962291886116,0.339693082285351,0.3397665379215891,0.33983998979608854,0.33991343786923867,0.33998688209337696,0.3400603224128706,0.3401337587642113,0.3402071910761176,0.340280619269647,0.34035404325831536,0.3404274629482227,0.3405008782381844,0.3405742890198702,0.340647695177943,0.3407210965902068,0.34079449312775173,0.34086788465510776,0.3409412710303961,0.3410146521054847,0.3410880277261439,0.3411613977321107,0.34123476195701535,0.3413081202551805,0.341381472518407,0.34145481866930755,0.3415281586649187,0.34160149249037486,0.3416748201553814,0.34174814169098183,0.3418214571465952,0.34189476658730145,0.3419680700913599,0.34204136774794186,0.34211465965506005,0.3421879459176815,0.3422612266460075,0.34233450195391435,0.3424077719575315,0.34248103677395897,0.3425542965201038,0.34262755131163075,0.3427008012620196,0.34277404648171494,0.3428472870773688,0.3429205231511625,0.34299375480020555,0.3430669821160025,0.34314020518398447,0.34321342408310007,0.34328663888545863,0.343359849656024,0.3434330564523541,0.3435062593243812,0.34357945831423053,0.3436526534560746,0.3437258447760188,0.34379903229201686,0.34387221601381085,0.34394539594289864,0.3440185720725205,0.34409174438766843,0.34416491286511053,0.34423807747343516,0.3443112381731067,0.3443843949165379,0.3444575476481708,0.3445306963045718,0.34460384081453466,0.3446769810991918,0.34475011707213393,0.34482324863953573,0.344896375700288,0.34496949814613465,0.34504261586181373,0.34511572872520313,0.3451888366074684,0.34526193937321403,0.3453350368806361,0.34540812898167683,0.34548121552218075,0.3455542963419583,0.3456273712769994,0.3457004401771307,0.345773502936546,0.34584655947788684,0.3459196097582637,0.34599265376288646,0.34606569150153466,0.3461387230053272,0.3462117483237569,0.3462847675219784,0.34635778067832573,0.3464307878820446,0.34650378923122216,0.3465767848308998,0.3466497747913533,0.3467227592265326,0.34679573825264226,0.34686871198685615,0.3469416805461551,0.34701464404627863,0.3470876026007803,0.3471605563201789,0.34723350531120034,0.34730644967610036,0.34737938951206143,0.3474523249106628,0.34752525595740924,0.3475981827313231,0.34767110530458756,0.3477440237422402,0.3478169381019128,0.34788984843361087,0.34796275477953353,0.34803565717392704,0.3481085556429706,0.348181450204691,0.3482543408689035,0.3483272276371798,0.3484001105028338,0.3484729894509306,0.3485458644583118,0.34861873549363886,0.34869160251744974,0.3487644654822299,0.34883732433249476,0.34891017900488386,0.34898302942826437,0.34905587552384126,0.34912871720527866,0.3492015543788241,0.34927438694344093,0.34934721479094644,0.34942003780615155,0.3494928558670072,0.3495656688447514,0.34963847660406155,0.34971127900320625,0.34978407589420085,0.34985686712296254,0.3499296525293722,0.3500024319471327,0.350075205230776,0.35014797227236183,0.3502207329945537,0.35029348735453464,0.3503662353375859,0.3504389769535592,0.35051171223364547,0.35058444122740945,0.3506571640000778,0.350729880630056,0.3508025912066623,0.35087529582805516,0.3509479945993477,0.35102068763088806,0.3510933750366978,0.3511660569330531,0.3512387334371993,0.351311404666189,0.3513840707358335,0.3514567317597577,0.35152938784855203,0.3516020391090142,0.351674685643471,0.3517473275491773,0.351819964917783,0.3518925978348644,0.3519652263795156,0.35203785062399084,0.35211047063339906,0.35218308646544355,0.35225569817020125,0.35232830578994234,0.3524009093589841,0.3524735089035772,0.3525461044418195,0.35261869598359763,0.3526912835305542,0.35276386707607404,0.35283644660529356,0.35290902209512565,0.35298159351430203,0.3530541608234321,0.3531267239750723,0.3531992829138088,0.3532718375763525,0.35334438789164074,0.3534169337809499,0.35348947515801443,0.3535620119291527,0.3536345439933993,0.3537070712426418,0.35377959356176186,0.353852110828781,0.35392462291500754,0.3539971296851902,0.3540696309976677,0.3541421267045258,0.3542146166517519,0.3542871006793939,0.35435957862171424,0.35443205030735053,0.3545045155594708,0.35457697419593137,0.3546494260294342,0.3547218708676811,0.3547943085135292,0.35486673876514474,0.35493916141615484,0.35501157625579793,0.35508398306907374,0.3551563816368894,0.3552287717362073,0.3553011531401877,0.35537352561832836,0.35544588893660745,0.35551824285761846,0.3555905871407091,0.3556629215421112,0.35573524581507254,0.35580755970998734,0.355879862974521,0.35595215535373476,0.3560244365902077,0.35609670642415553,0.35616896459355035,0.35624121083423244,0.356313444880024,0.3563856664628405,0.35645787531279755,0.3565300711583157,0.35660225372622373,0.3566744227418666,0.3567465779291953,0.3568187190108693,0.3568908457083491,0.35696295774198583,0.35703505483111403,0.35710713669414224,0.3571792030486343,0.357251253611397,0.3573232880985615,0.35739530622566107,0.35746730770770907,0.3575392922592766,0.35761125959456547,0.35768320942748005,0.3577551414716997,0.35782705544074633,0.3578989510480475,0.3579708280070046,0.3580426860310555,0.3581145248337353,0.35818634412873684,0.35825814362996933,0.35832992305161293,0.35840168210817336,0.35847342051453707,0.3585451379860218,0.3586168342384253,0.35868850898807947,0.3587601619518931,0.3588317928473972,0.3589034013927917,0.35897498730698696,0.35904655030964644,0.35911809012122825,0.3591896064630247,0.35926109905719733,0.35933256762681487,0.3594040118958897,0.3594754315894114,0.3595468264333798,0.3596181961548384,0.3596895404819055,0.35976085914380096,0.35983215187087736,0.35990341839464873,0.3599746584478149,0.3600458717642883,0.3601170580792214,0.36018821712902727,0.3602593486514026,0.3603304523853524,0.36040152807120773,0.36047257545064776,0.36054359426672167,0.36061458426386556,0.3606855451879177,0.3607564767861376,0.3608273788072225,0.36089825100132306,0.36096909312005937,0.36103990491653387,0.3611106861453436,0.36118143656259294,0.36125215592590826,0.36132284399444775,0.36139350052891106,0.3614641252915522,0.36153471804618886,0.36160527855820795,0.36167580659457715,0.3617463019238508,0.36181676431617954,0.36188719354331567,0.3619575893786217,0.3620279515970723,0.36209827997526123,0.36216857429140664,0.36223883432535575,0.36230905985858697,0.362379250674216,0.362449406556998,0.36251952729332787,0.3625896126712451,0.3626596624804338,0.3627296765122248,0.3627996545595987,0.3628695964171848,0.3629395018812606,0.36300937074975137,0.3630792028222329,0.3631489978999286,0.36321875578570756,0.3632884762840859,0.3633581592012251,0.36342780434492716,0.3634974115246339,0.3635669805514249,0.3636365112380151,0.36370600339875264,0.3637754568496137,0.36384487140819965,0.3639142468937327,0.36398358312705426,0.3640528799306196,0.3641221371284913,0.3641913545463384,0.36426053201143194,0.36432966935263583,0.3643987664004036,0.3644678229867745,0.3645368389453663,0.3646058141113721,0.36467474832155283,0.3647436414142304,0.36481249322928316,0.36488130360813875,0.36495007239376887,0.3650187994306805,0.36508748456491236,0.3651561276440271,0.36522472851710297,0.36529328703472735,0.36536180304899013,0.36543027641347653,0.36549870698325965,0.36556709461489456,0.365635439166408,0.3657037404972921,0.3657719984684967,0.3658402129424219,0.36590838378291063,0.365976510855239,0.3660445940261111,0.36611263316364817,0.3661806281373814,0.36624857881824513,0.36631648507856585,0.3663843467920565,0.36645216383380896,0.3665199360802823,0.3665876634092968,0.36665534570002406,0.36672298283297977,0.3667905746900144,0.36685812115430594,0.366925622110351,0.36699307744395426,0.3670604870422207,0.3671278507935485,0.36719516858761925,0.36726244031538996,0.3673296658690831,0.3673968451421788,0.3674639780294054,0.3675310644267325,0.36759810423135986,0.3676650973417108,0.36773204365742124,0.3677989430793335,0.367865795509485,0.3679326008511018,0.3679993590085888,0.36806606988752133,0.3681327333946348,0.3681993494378185,0.36826591792610597,0.3683324387696656,0.3683989118797927,0.3684653371689012,0.3685317145505135,0.368598043939253,0.36866432525083653,0.3687305584020635,0.3687967433108086,0.36886287989601324,0.36892896807767733,0.3689950077768486,0.3690609989156176,0.36912694141710706,0.3691928352054638,0.3692586802058508,0.36932447634443855,0.3693902235483963,0.369455921745885,0.36952157086604737,0.3695871708390012,0.3696527215958304,0.36971822306857643,0.36978367519023186,0.3698490778947304,0.36991443111693934,0.36997973479265206,0.3700449888585797,0.37011019325234346,0.370175347912466,0.3702404527783647,0.3703055077903441,0.370370512889586,0.37043546801814264,0.37050037311892986,0.37056522813571907,0.37063003301312875,0.37069478769661823,0.37075949213248016,0.37082414626783167,0.3708887500506074,0.370953303429552,0.37101780635421394,0.3710822587749364,0.3711466606428517,0.37121101190987316,0.3712753125286877,0.3713395624527488,0.37140376163627076,0.3714679100342196,0.3715320076023066,0.37159605429698195,0.3716600500754283,0.37172399489555213,0.3717878887159788,0.3718517314960444,0.3719155231957893,0.3719792637759524,0.37204295319796415,0.37210659142393787,0.3721701784166657,0.3722337141396113,0.37229719855690374,0.37236063163333005,0.37242401333433045,0.37248734362599056,0.37255062247503506,0.3726138498488226,0.37267702571533995,0.37274015004319405,0.3728032228016059,0.37286624396040674,0.3729292134900303,0.37299213136150733,0.37305499754645943,0.3731178120170941,0.3731805747461977,0.3732432857071305,0.37330594487382046,0.37336855222075754,0.3734311077229887,0.3734936113561121,0.3735560630962697,0.3736184629201445,0.3736808108049545,0.3737431067284455,0.3738053506688878,0.3738675426050694,0.37392968251629144,0.3739917703823632,0.3740538061835965,0.3741157899008005,0.37417772151527645,0.37423960100881287,0.3743014283636811,0.3743632035626283,0.37442492658887494,0.3744865974261085,0.3745482160584791,0.3746097824705946,0.37467129664751564,0.37473275857475097,0.3747941682382533,0.37485552562441343,0.374916830720057,0.3749780835124389,0.37503928398923947,0.3751004321385594,0.3751615279489158,0.3752225714092371,0.37528356250886047,0.37534450123752394,0.3754053875853652,0.3754662215429165,0.37552700310110027,0.3755877322512253,0.3756484089849822,0.3757090332944396,0.37576960517203933,0.37583012461059384,0.37589059160328087,0.3759510061436393,0.37601136822556663,0.37607167784331463,0.37613193499148445,0.3761921396650243,0.37625229185922454,0.37631239156971374,0.37637243879245674,0.3764324335237505,0.37649237576021727,0.37655226549880483,0.3766121027367812,0.3766718874717322,0.3767316197015569,0.37679129942446404,0.3768509266389697,0.3769105013438933,0.3769700235383538,0.37702949322176693,0.3770889103938416,0.37714827505457676,0.3772075872042583,0.3772668468434556,0.3773260539730186,0.3773852085940739,0.3774443107080227,0.3775033603165374,0.37756235742155797,0.37762130202528954,0.3776801941301992,0.37773903373901335,0.37779782085471375,0.3778565554805365,0.3779152376199673,0.37797386727673876,0.3780324444548284,0.3780909691584557,0.3781494413920794,0.37820786116039423,0.3782662284683287,0.3783245433210422,0.37838280572392263,0.37844101568258287,0.3784991732028597,0.37855727829080993,0.3786153309527088,0.378673331195046,0.37873127902452475,0.3787891744480584,0.37884701747276855,0.37890480810598226,0.3789625463552299,0.3790202322282427,0.3790778657329494,0.37913544687747613,0.379192975670142,0.37925045211945796,0.3793078762341245,0.3793652480230285,0.3794225674952425,0.3794798346600212,0.37953704952679995,0.3795942121051924,0.3796513224049882,0.37970838043615174,0.37976538620881917,0.3798223397332973,0.3798792410200603,0.3799360900797477,0.3799928869231639,0.3800496315612756,0.38010632400520866,0.3801629642662482,0.3802195523558347,0.3802760882855634,0.3803325720671824,0.38038900371258966,0.3804453832338329,0.38050171064310656,0.38055798595275026,0.3806142091752471,0.3806703803232221,0.38072649940944037,0.38078256644680497,0.3808385814483562,0.3808945444272686,0.38095045539685046,0.3810063143705417,0.3810621213619126,0.381117876384661,0.38117357945261193,0.38122923057971614,0.38128482978004774,0.38134037706780294,0.3813958724572989,0.3814513159629718,0.3815067075993758,0.38156204738118105,0.38161733532317216,0.38167257144024785,0.38172775574741796,0.3817828882598031,0.38183796899263306,0.38189299796124543,0.3819479751810839,0.3820029006676978,0.38205777443673977,0.38211259650396473,0.3821673668852286,0.38222208559648735,0.3822767526537955,0.38233136807330464,0.38238593187126224,0.3824404440640113,0.38249490466798763,0.3825493136997193,0.38260367117582617,0.3826579771130179,0.38271223152809286,0.3827664344379372,0.38282058585952355,0.38287468580990985,0.3829287343062387,0.38298273136573535,0.38303667700570854,0.3830905712435463,0.3831444140967168,0.383198205582768,0.38325194571932525,0.38330563452409105,0.38335927201484366,0.38341285820943616,0.3834663931257948,0.3835198767819191,0.3835733091958811,0.3836266903858233,0.38368002036995785,0.3837332991665664,0.38378652679399816,0.3838397032706698,0.3838928286150646,0.38394590284573044,0.3839989259812805,0.38405189804039097,0.38410481904180144,0.3841576890043125,0.38421050794678624,0.3842632758881444,0.38431599284736906,0.3843686588435005,0.38442127389563646,0.38447383802293134,0.3845263512445963,0.3845788135798975,0.3846312250481558,0.38468358566874583,0.38473589546109543,0.3847881544446845,0.3848403626390443,0.38489252006375774,0.3849446267384572,0.3849966826828243,0.38504868791659047,0.38510064245953374,0.38515254633148027,0.3852043995523028,0.38525620214191947,0.38530795412029467,0.3853596555074368,0.38541130632339776,0.3854629065882741,0.38551445632220366,0.38556595554536727,0.3856174042779873,0.3856688025403264,0.3857201503526877,0.3857714477354141,0.38582269470888714,0.38587389129352734,0.3859250375097928,0.385976133378179,0.3860271789192182,0.38607817415347884,0.386129119101565,0.3861800137841154,0.3862308582218038,0.3862816524353383,0.38633239644545986,0.38638309027294293,0.3864337339385938,0.38648432746325134,0.3865348708677848,0.38658536417309575,0.38663580740011555,0.3866862005698056,0.38673654370315663,0.38678683682118875,0.3868370799449502,0.38688727309551735,0.38693741629399475,0.3869875095615135,0.387037552919232,0.38708754638833437,0.38713748999003095,0.38718738374555733,0.3872372276761741,0.3872870218031666,0.38733676614784446,0.38738646073154076,0.387436105575612,0.3874857007014373,0.3875352461304192,0.3875847418839816,0.3876341879835705,0.3876835844506536,0.38773293130671926,0.38778222857327616,0.3878314762718538,0.3878806744240011,0.3879298230512872,0.38797892217530006,0.38802797181764653,0.38807697199995184,0.3881259227438594,0.3881748240710305,0.38822367600314384,0.38827247856189556,0.38832123176899846,0.3883699356461817,0.38841859021519093,0.38846719549778685,0.3885157515157469,0.38856425829086305,0.38861271584494245,0.38866112419980653,0.3887094833772918,0.3887577933992479,0.3888060542875388,0.38885426606404216,0.3889024287506483,0.3889505423692611,0.3889986069417964,0.38904662249018274,0.38909458903636074,0.3891425066022829,0.3891903752099133,0.38923819488122724,0.38928596563821116,0.3893336875028625,0.3893813604971884,0.38942898464320774,0.3894765599629483,0.3895240864784479,0.38957156421175426,0.38961899318492443,0.38966637342002447,0.38971370493912916,0.3897609877643223,0.38980822191769554,0.3898554074213497,0.38990254429739285,0.38994963256794113,0.38999667225511825,0.3900436633810552,0.39009060596788986,0.39013750003776754,0.39018434561284016,0.39023114271526627,0.3902778913672101,0.390324591590843,0.3903712434083418,0.3904178468418891,0.3904644019136733,0.390510908645888,0.390557367060732,0.3906037771804089,0.39065013902712775,0.39069645262310193,0.39074271799054944,0.3907889351516924,0.39083510412875727,0.39088122494397437,0.39092729761957806,0.3909733221778061,0.3910192986409,0.39106522703110447,0.39111110737066734,0.39115693968183973,0.3912027239868752,0.3912484603080303,0.39129414866756423,0.3913397890877384,0.3913853815908168,0.3914309261990655,0.3914764229347521,0.3915218718201461,0.3915672728775194,0.3916126261291448,0.3916579315972968,0.3917031893042513,0.39174839927228516,0.3917935615236763,0.39183867608070333,0.39188374296564626,0.3919287622007853,0.39197373380840117,0.39201865781077533,0.392063534230189,0.39210836308892405,0.39215314440926186,0.3921978782134845,0.3922425645238732,0.3922872033627092,0.3923317947522732,0.3923763387148451,0.3924208352727053,0.3924652844481322,0.39250968626340366,0.3925540407407971,0.3925983479025878,0.39264260777105153,0.3926868203684613,0.3927309857170897,0.39277510383920694,0.39281917475708245,0.3928631984929841,0.39290717506917744,0.39295110450792625,0.3929949868314927,0.39303882206213686,0.39308261022211644,0.3931263513336872,0.39317004541910244,0.3932136925006134,0.3932572926004681,0.39330084574091323,0.3933443519441918,0.39338781123254435,0.3934312236282088,0.3934745891534196,0.39351790783040913,0.39356117968140625,0.39360440472863717,0.39364758299432406,0.39369071450068643,0.3937337992699404,0.39377683732429836,0.3938198286859698,0.3938627733771599,0.3939056714200709,0.3939485228369006,0.3939913276498444,0.3940340858810923,0.39407679755283065,0.39411946268724296,0.39416208130650776,0.3942046534327996,0.3942471790882891,0.39428965829514245,0.3943320910755217,0.3943744774515843,0.39441681744548346,0.3944591110793684,0.3945013583753827,0.3945435593556664,0.3945857140423545,0.394627822457577,0.3946698846234597,0.3947119005621235,0.3947538702956844,0.39479579384625346,0.39483767123593605,0.39487950248683396,0.39492128762104256,0.3949630266606529,0.39500471962775047,0.39504636654441594,0.39508796743272434,0.39512952231474574,0.3951710312125441,0.3952124941481789,0.3952539111437038,0.3952952822211667,0.39533660740261045,0.3953778867100719,0.39541912016558217,0.39546030779116714,0.39550144960884676,0.39554254564063507,0.39558359590854064,0.39562460043456643,0.3956655592407083,0.3957064723489573,0.39574733978129845,0.39578816155971025,0.39582893770616523,0.3958696682426307,0.3959103531910669,0.39595099257342814,0.3959915864116627,0.3960321347277127,0.3960726375435136,0.3961130948809952,0.3961535067620803,0.39619387320868604,0.39623419424272244,0.3962744698860938,0.3963147001606972,0.3963548850884238,0.3963950246911582,0.3964351189907786,0.3964751680091561,0.39651517176815515,0.39655513028963424,0.3965950435954445,0.3966349117074311,0.39667473464743175,0.39671451243727784,0.39675424509879376,0.39679393265379714,0.39683357512409895,0.3968731725315032,0.39691272489780716,0.3969522322448008,0.3969916945942675,0.39703111196798313,0.39707048438771764,0.3971098118752328,0.397149094452284,0.39718833214061977,0.39722752496198077,0.39726667293810103,0.3973057760907076,0.39734483444151997,0.397383848012251,0.3974228168246058,0.39746174090028275,0.3975006202609726,0.3975394549283589,0.39757824492411814,0.39761699026991926,0.3976556909874242,0.39769434709828744,0.39773295862415625,0.39777152558666967,0.39781004800746056,0.3978485259081537,0.3978869593103666,0.3979253482357093,0.3979636927057845,0.39800199274218706,0.39804024836650426,0.39807845960031674,0.3981166264651968,0.3981547489827096,0.39819282717441246,0.3982308610618555,0.39826885066658074,0.3983067960101228,0.3983446971140089,0.39838255399975814,0.39842036668888264,0.3984581352028864,0.3984958595632657,0.3985335397915095,0.3985711759090985,0.3986087679375064,0.39864631589819854,0.39868381981263273,0.3987212797022592,0.3987586955885199,0.3987960674928494,0.39883339543667456,0.3988706794414141,0.39890791952847926,0.39894511571927316,0.3989822680351914,0.3990193764976212,0.39905644112794236,0.3990934619475268,0.39913043897773837,0.39916737223993315,0.39920426175545926,0.3992411075456567,0.39927790963185816,0.3993146680353877,0.3993513827775616,0.39938805387968856,0.39942468136306897,0.39946126524899556,0.39949780555875236,0.3995343023136163,0.39957075553485566,0.3996071652437313,0.3996435314614954,0.3996798542093927,0.39971613350865937,0.39975236938052405,0.39978856184620676,0.3998247109269201,0.3998608166438683,0.3998968790182479,0.3999328980712465,0.39996887382404417,0.4000048062978129,0.4000406955137164,0.4000765414929107,0.40011234425654324,0.40014810382575366,0.4001838202216732,0.400219493465425,0.40025512357812426,0.4002907105808781,0.4003262544947852,0.4003617553409364,0.4003972131404138,0.4004326279142923,0.40046799968363767,0.4005033284695082,0.40053861429295345,0.4005738571750152,0.400609057136727,0.4006442141991141,0.40067932838319337,0.40071439970997397,0.4007494282004563,0.4007844138756329,0.4008193567564882,0.40085425686399806,0.40088911421913026,0.400923928842844,0.40095870075609114,0.40099342997981463,0.4010281165349494,0.4010627604424222,0.4010973617231509,0.40113192039804585,0.40116643648800926,0.4012009100139343,0.4012353409967068,0.4012697294572037,0.40130407541629365,0.4013383788948371,0.4013726399136864,0.4014068584936855,0.40144103465567066,0.40147516842046893,0.40150925980889995,0.40154330884177397,0.40157731553989384,0.401611279924054,0.40164520201504045,0.40167908183363116,0.4017129194005954,0.4017467147366944,0.4017804678626805,0.401814178799299,0.4018478475672858,0.401881474187369,0.4019150586802682,0.401948601066695,0.40198210136735196,0.402015559602934,0.4020489757941274,0.4020823499616107,0.40211568212605375,0.4021489723081177,0.4021822205284557,0.40221542680771266,0.4022485911665249,0.402281713625521,0.4023147942053207,0.4023478329265356,0.4023808298097691,0.4024137848756155,0.4024466981446622,0.40247956963748693,0.40251239937466005,0.40254518737674316,0.4025779336642894,0.40261063825784366,0.4026433011779428,0.40267592244511496,0.4027085020798802,0.40274104010275036,0.4027735365342289,0.4028059913948108,0.4028384047049822,0.402870776485222,0.4029031067560001,0.4029353955377782,0.4029676428510099,0.4029998487161401,0.40303201315360554,0.40306413618383463,0.40309621782724736,0.4031282581042555,0.4031602570352626,0.40319221464066396,0.40322413094084597,0.40325600595618716,0.40328783970705767,0.40331963221381945,0.40335138349682575,0.403383093576422,0.40341476247294483,0.4034463902067229,0.40347797679807634,0.4035095222673166,0.403541026634748,0.40357248992066536,0.40360391214535557,0.4036352933290975,0.4036666334921612,0.4036979326548084,0.4037291908372932,0.40376040805986063,0.4037915843427481,0.40382271970618383,0.40385381417038824,0.4038848677555735,0.40391588048194377,0.4039468523696942,0.4039777834390122,0.40400867371007637,0.40403952320305747,0.4040703319381176,0.40410109993541066,0.40413182721508245,0.40416251379727025,0.4041931597021031,0.4042237649497017,0.4042543295601789,0.40428485355363836,0.4043153369501762,0.40434577976987984,0.40437618203282905,0.4044065437590945,0.4044368649687392,0.4044671456818171,0.4044973859183747,0.4045275856984501,0.4045577450420724,0.4045878639692634,0.40461794250003574,0.4046479806543944,0.4046779784523358,0.4047079359138482,0.4047378530589117,0.4047677299074978,0.4047975664795701,0.4048273627950837,0.4048571188739855,0.40488683473621384,0.40491651040169974,0.40494614589036476,0.40497574122212276,0.40500529641688005,0.4050348114945335,0.4050642864749721,0.405093721378077,0.40512311622372055,0.40515247103176766,0.40518178582207404,0.4052110606144877,0.4052402954288482,0.4052694902849871,0.40529864520272757,0.4053277602018849,0.40535683530226524,0.4053858705236672,0.4054148658858815,0.40544382140869006,0.40547273711186654,0.4055016130151765,0.40553044913837766,0.4055592455012193,0.4055880021234422,0.40561671902477914,0.4056453962249546,0.4056740337436852,0.40570263160067893,0.4057311898156358,0.40575970840824754,0.4057881873981978,0.40581662680516173,0.405845026648807,0.4058733869487921,0.4059017077247683,0.40592998899637805,0.4059582307832557,0.4059864331050278,0.4060145959813122,0.40604271943171877,0.4060708034758494,0.4060988481332976,0.406126853423649,0.40615481936648046,0.40618274598136117,0.40621063328785223,0.4062384813055064,0.40626629005386844,0.4062940595524744,0.40632178982085326,0.40634948087852424,0.406377132745,0.4064047454397843,0.40643231898237264,0.4064598533922532,0.40648734868890507,0.40651480489179953,0.4065422220203997,0.40656960009416093,0.4065969391325299,0.40662423915494605,0.40665150018083945,0.4066787222296331,0.4067059053207409,0.40673304947356986,0.40676015470751814,0.40678722104197546,0.4068142484963243,0.40684123708993875,0.4068681868421845,0.4068950977724191,0.4069219698999924,0.4069488032442459,0.40697559782451326,0.4070023536601197,0.4070290707703826,0.407055749174611,0.4070823888921064,0.4071089899421619,0.4071355523440623,0.4071620761170847,0.40718856128049813,0.40721500785356285,0.4072414158555319,0.4072677853056502,0.4072941162231542,0.40732040862727253,0.407346662537226,0.40737287797222704,0.4073990549514798,0.4074251934941808,0.40745129361951865,0.40747735534667323,0.4075033786948173,0.40752936368311493,0.40755531033072256,0.40758121865678826,0.4076070886804519,0.40763292042084637,0.4076587138970956,0.40768446912831563,0.40771018613361465,0.4077358649320925,0.40776150554284185,0.4077871079849463,0.40781267227748214,0.4078381984395179,0.4078636864901136,0.40788913644832114,0.40791454833318486,0.40793992216374053,0.407965257959017,0.4079905557380339,0.4080158155198042,0.40804103732333186,0.40806622116761293,0.4080913670716356,0.4081164750543805,0.40814154513482015,0.408166577331919,0.4081915716646337,0.4082165281519121,0.40824144681269536,0.40826632766591575,0.4082911707304983,0.40831597602535974,0.40834074356940886,0.4083654733815465,0.4083901654806652,0.4084148198856504,0.40843943661537907,0.4084640156887206,0.40848855712453613,0.4085130609416787,0.40853752715899433,0.4085619557953195,0.40858634686948464,0.4086107004003113,0.40863501640661287,0.40865929490719544,0.4086835359208568,0.4087077394663872,0.408731905562569,0.408756034228176,0.40878012548197507,0.4088041793427248,0.40882819582917557,0.40885217496007,0.40887611675414315,0.40890002123012215,0.40892388840672583,0.40894771830266596,0.4089715109366457,0.40899526632736066,0.4090189844934983,0.40904266545373863,0.4090663092267535,0.40908991583120746,0.40911348528575653,0.40913701760904947,0.4091605128197267,0.4091839709364207,0.4092073919777566,0.40923077596235136,0.4092541229088148,0.40927743283574824,0.40930070576174504,0.40932394170539105,0.40934714068526423,0.40937030271993513,0.4093934278279658,0.40941651602791096,0.4094395673383173,0.4094625817777238,0.4094855593646616,0.4095085001176542,0.4095314040552172,0.40955427119585847,0.40957710155807775,0.40959989516036754,0.40962265202121206,0.40964537215908775,0.409668055592464,0.40969070233980187,0.40971331241955444,0.40973588585016774,0.40975842265007917,0.4097809228377191,0.40980338643150954,0.40982581344986524,0.4098482039111931,0.4098705578338922,0.4098928752363538,0.4099151561369612,0.4099374005540904,0.4099596085061093,0.4099817800113787,0.4100039150882509,0.41002601375507125,0.41004807603017646,0.4100701019318959,0.4100920914785517,0.41011404468845775,0.4101359615799205,0.4101578421712384,0.41017968648070247,0.4102014945265956,0.4102232663271935,0.41024500190076396,0.41026670126556725,0.41028836443985583,0.4103099914418742,0.4103315822898597,0.4103531370020412,0.4103746555966405,0.4103961380918717,0.4104175845059413,0.41043899485704777,0.4104603691633826,0.41048170744312856,0.41050300971446124,0.410524275995549,0.410545506304552,0.410566700659623,0.4105878590789073,0.4106089815805421,0.41063006818265696,0.4106511189033743,0.4106721337608086,0.4106931127730665,0.4107140559582474,0.4107349633344431,0.41075583491973683,0.4107766707322055,0.41079747078991774,0.41081823511093485,0.4108389637133101,0.41085965661508944,0.410880313834311,0.4109009353890056,0.41092152129719606,0.4109420715768982,0.41096258624612003,0.4109830653228613,0.4110035088251149,0.4110239167708662,0.41104428917809205,0.41106462606476324,0.4110849274488413,0.4111051933482819,0.4111254237810318,0.4111456187650305,0.4111657783182101,0.4111859024584953,0.4112059912038031,0.41122604457204287,0.411246062581116,0.41126604524891763,0.41128599259333354,0.4113059046322435,0.41132578138351883,0.4113456228650241,0.4113654290946157,0.411385200090143,0.41140493586944704,0.41142463645036176,0.4114443018507136,0.4114639320883218,0.4114835271809975,0.4115030871465447,0.4115226120027598,0.4115421017674316,0.41156155645834175,0.41158097609326394,0.4116003606899644,0.41161971026620214,0.4116390248397291,0.4116583044282882,0.41167754904961634,0.41169675872144207,0.4117159334614872,0.4117350732874656,0.41175417821708404,0.41177324826804107,0.4117922834580281,0.4118112838047293,0.41183024932582124,0.4118491800389735,0.4118680759618473,0.41188693711209695,0.41190576350736924,0.41192455516530313,0.41194331210353075,0.4119620343396766,0.41198072189135754,0.4119993747761829,0.4120179930117553,0.412036576615669,0.41205512560551116,0.4120736399988617,0.41209211981329313,0.41211056506637034,0.41212897577565066,0.41214735195868446,0.4121656936330142,0.4121840008161752,0.4122022735256956,0.4122205117790955,0.41223871559388847,0.41225688498757984,0.4122750199776681,0.41229312058164397,0.412311186816991,0.41232921870118533,0.41234721625169574,0.41236517948598383,0.41238310842150283,0.4124010030756998,0.41241886346601403,0.41243668960987734,0.4124544815247143,0.412472239227942,0.41248996273697014,0.41250765206920087,0.4125253072420294,0.4125429282728436,0.412560515179024,0.4125780679779433,0.41259558668696716,0.4126130713234539,0.41263052190475435,0.41264793844821246,0.41266532097116465,0.4126826694909397,0.41269998402485947,0.4127172645902384,0.41273451120438315,0.4127517238845938,0.4127689026481625,0.4127860475123746,0.41280315849450777,0.4128202356118325,0.41283727888161187,0.412854288321102,0.41287126394755125,0.412888205778201,0.41290511383028516,0.41292198812103054,0.4129388286676565,0.41295563548737546,0.4129724085973919,0.4129891480149037,0.413005853757101,0.4130225258411667,0.41303916428427684,0.41305576910359965,0.4130723403162967,0.41308887793952215,0.4131053819904221,0.4131218524861364,0.4131382894437972,0.41315469288052964,0.4131710628134515,0.4131873992596729,0.4132037022362973,0.4132199717604212,0.41323620784913273,0.4132524105195137,0.41326857978863846,0.41328471567357433,0.41330081819138087,0.41331688735911076,0.4133329231938097,0.4133489257125161,0.4133648949322603,0.41338083087006683,0.41339673354295164,0.41341260296792476,0.4134284391619881,0.4134442421421367,0.41346001192535864,0.4134757485286343,0.4134914519689368,0.4135071222632333,0.4135227594284823,0.4135383634816359,0.413553934439639,0.4135694723194289,0.41358497713793596,0.41360044891208364,0.4136158876587878,0.41363129339495724,0.4136466661374942,0.4136620059032929,0.41367731270924063,0.41369258657221797,0.4137078275090979,0.41372303553674666,0.413738210672023,0.4137533529317784,0.41376846233285774,0.4137835388920983,0.4137985826263305,0.41381359355237757,0.4138285716870552,0.4138435170471727,0.4138584296495319,0.4138733095109273,0.4138881566481467,0.41390297107797047,0.4139177528171722,0.4139325018825177,0.4139472182907666,0.41396190205867084,0.41397655320297544,0.4139911717404183,0.4140057576877301,0.4140203110616347,0.41403483187884865,0.41404932015608137,0.4140637759100354,0.41407819915740623,0.4140925899148821,0.41410694819914423,0.41412127402686694,0.4141355674147171,0.4141498283793551,0.41416405693743347,0.41417825310559847,0.414192416900489,0.41420654833873666,0.414220647436966,0.41423471421179553,0.41424874867983535,0.41426275085768943,0.4142767207619541,0.4142906584092192,0.4143045638160671,0.41431843699907345,0.4143322779748065,0.41434608675982804,0.41435986337069247,0.41437360782394717,0.41438732013613233,0.41440100032378163,0.4144146484034216,0.41442826439157116,0.41444184830474323,0.4144554001594429,0.41446891997216867,0.4144824077594118,0.414495863537657,0.41450928732338144,0.4145226791330555,0.4145360389831426,0.4145493668900995,0.41456266287037535,0.414575926940413,0.4145891591166478,0.41460235941550816,0.4146155278534158,0.4146286644467858,0.4146417692120251,0.4146548421655346,0.41466788332370863,0.4146808927029337,0.41469387031958926,0.41470681619004884,0.414719730330678,0.4147326127578359,0.41474546348787467,0.41475828253713937,0.41477106992196827,0.41478382565869265,0.4147965497636368,0.41480924225311827,0.4148219031434474,0.414834532450928,0.4148471301918564,0.41485969638252257,0.4148722310392096,0.41488473417819305,0.4148972058157421,0.4149096459681186,0.4149220546515781,0.41493443188236895,0.4149467776767325,0.4149590920509033,0.41497137502110926,0.4149836266035706,0.4149958468145014,0.41500803567010897,0.4150201931865933,0.41503231938014723,0.41504441426695754,0.41505647786320365,0.4150685101850582,0.4150805112486869,0.41509248107024865,0.41510441966589545,0.4151163270517727,0.41512820324401845,0.4151400482587641,0.41515186211213456,0.41516364482024753,0.4151753963992143,0.41518711686513854,0.41519880623411765,0.41521046452224214,0.41522209174559543,0.4152336879202545,0.4152452530622893,0.41525678718776265,0.415268290312731,0.4152797624532439,0.4152912036253441,0.41530261384506734,0.41531399312844275,0.41532534149149253,0.41533665895023186,0.4153479455206699,0.4153592012188078,0.4153704260606412,0.4153816200621581,0.4153927832393399,0.41540391560816137,0.4154150171845903,0.4154260879845877,0.4154371280241077,0.41544813731909846,0.41545911588550033,0.4154700637392472,0.4154809808962664,0.4154918673724784,0.4155027231837967,0.4155135483461286,0.415524342875374,0.4155351067874265,0.41554584009817264,0.41555654282349225,0.41556721497925864,0.415577856581338,0.41558846764559004,0.41559904818786797,0.4156095982240176,0.4156201177698784,0.4156306068412834,0.41564106545405843,0.4156514936240229,0.4156618913669891,0.4156722586987631,0.4156825956351436,0.41569290219192306,0.4157031783848875,0.4157134242298159,0.4157236397424802,0.41573382493864613,0.41574397983407263,0.4157541044445117,0.4157641987857087,0.4157742628734026,0.4157842967233254,0.4157943003512023,0.41580427377275225,0.4158142170036871,0.4158241300597123,0.4158340129565262,0.415843865709821,0.4158536883352818,0.41586348084858765,0.4158732432654102,0.415882975601415,0.4158926778722604,0.4159023500935982,0.41591199228107406,0.41592160445032655,0.41593118661698775,0.415940738796683,0.4159502610050309,0.4159597532576436,0.4159692155701268,0.41597864795807854,0.41598805043709197,0.4159974230227517,0.4160067657306372,0.4160160785763204,0.4160253615753671,0.4160346147433366,0.41604383809578105,0.4160530316482461,0.4160621954162709,0.41607132941538794,0.4160804336611234,0.41608950816899665,0.41609855295452014,0.41610756803320026,0.4161165534205367,0.41612550913202195,0.41613443518314247,0.41614333158937805,0.416152198366202,0.416161035529081,0.4161698430934747,0.4161786210748369,0.416187369488614,0.4161960883502468,0.41620477767516817,0.4162134374788061,0.41622206777658066,0.41623066858390584,0.41623923991618916,0.41624778178883176,0.41625629421722754,0.4162647772167645,0.41627323080282363,0.41628165499077996,0.4162900497960013,0.41629841523384903,0.4163067513196787,0.4163150580688383,0.4163233354966699,0.4163315836185092,0.416339802449685,0.41634799200551936,0.41635615230132844,0.41636428335242137,0.416372385174101,0.41638045778166377,0.4163885011903992,0.41639651541559053,0.4164045004725145,0.4164124563764413,0.416420383142635,0.4164282807863526,0.4164361493228448,0.41644398876735583,0.41645179913512337,0.41645958044137893,0.4164673327013468,0.4164750559302457,0.41648275014328734,0.41649041535567666,0.416498051582613,0.41650565883928836,0.41651323714088884,0.4165207865025936,0.41652830693957577,0.4165357984670018,0.4165432611000317,0.4165506948538188,0.41655809974351027,0.416565475784247,0.41657282299116294,0.4165801413793858,0.41658743096403705,0.41659469176023134,0.4166019237830775,0.4166091270476767,0.41661630156912527,0.41662344736251183,0.41663056444291907,0.41663765282542314,0.4166447125250941,0.41665174355699536,0.4166587459361837,0.4166657196777094,0.41667266479661724,0.41667958130794447,0.4166864692267225,0.416693328567976,0.4167001593467238,0.41670696157797754,0.41671373527674344,0.41672048045802,0.4167271971368006,0.416733885328072,0.4167405450468137,0.41674717630799984,0.4167537791265976,0.41676035351756807,0.41676689949586526,0.4167734170764379,0.41677990627422745,0.41678636710416944,0.416792799581193,0.4167992037202207,0.4168055795361692,0.4168119270439479,0.4168182462584609,0.4168245371946052,0.4168307998672716,0.41683703429134483,0.41684324048170296,0.4168494184532179,0.41685556822075515,0.41686168979917393,0.4168677832033268,0.4168738484480603,0.41687988554821487,0.41688589451862385,0.41689187537411493,0.41689782812950943,0.41690375279962166,0.4169096493992605,0.4169155179432282,0.4169213584463205,0.4169271709233271,0.41693295538903086,0.4169387118582091,0.4169444403456323,0.4169501408660642,0.41695581343426374,0.4169614580649823,0.4169670747729653,0.4169726635729518,0.41697822447967453,0.41698375750786004,0.4169892626722287,0.41699473998749453,0.41700018946836515,0.41700561112954193,0.41701100498571986,0.41701637105158823,0.4170217093418294,0.4170270198711197,0.4170323026541288,0.4170375577055208,0.41704278503995307,0.41704798467207727,0.4170531566165381,0.41705830088797435,0.41706341750101855,0.41706850647029664,0.41707356781042887,0.41707860153602916,0.41708360766170477,0.4170885862020571,0.41709353717168135,0.41709846058516603,0.4171033564570939,0.4171082248020413,0.41711306563457806,0.41711787896926844,0.41712266482067006,0.4171274232033342,0.4171321541318062,0.417136857620625,0.41714153368432355,0.4171461823374284,0.41715080359445966,0.41715539746993185,0.4171599639783528,0.4171645031342244,0.41716901495204217,0.41717349944629545,0.4171779566314676,0.41718238652203565,0.41718678913247026,0.4171911644772361,0.4171955125707917,0.41719983342758926,0.41720412706207477,0.4172083934886886,0.417212632721864,0.4172168447760288,0.41722102966560437,0.4172251874050061,0.4172293180086428,0.4172334214909176,0.41723749786622716,0.41724154714896217,0.4172455693535068,0.41724956449424,0.4172535325855336,0.4172574736417535,0.4172613876772598,0.417265274706406,0.4172691347435398,0.4172729678030028,0.4172767738991304,0.41728055304625156,0.41728430525868915,0.41728803055076064,0.41729172893677663,0.4172954004310418,0.41729904504785476,0.41730266280150785,0.4173062537062875,0.4173098177764742,0.41731335502634176,0.4173168654701585,0.417320349122186,0.41732380599668045,0.4173272361078915,0.4173306394700626,0.4173340160974314,0.4173373660042296,0.4173406892046821,0.4173439857130084,0.4173472555434216,0.41735049871012897,0.4173537152273315,0.417356905109224,0.4173600683699957,0.41736320502382906,0.417366315084901,0.4173693985673821,0.4173724554854368,0.4173754858532238,0.41737848968489544,0.41738146699459866,0.4173844177964733,0.4173873421046537,0.41739023993326846,0.4173931112964395,0.4173959562082833,0.4173987746829096,0.41740156673442314,0.41740433237692115,0.4174070716244963,0.4174097844912345,0.4174124709912156,0.4174151311385136,0.417417764947196,0.417420372431325,0.4174229536049566,0.4174255084821404,0.41742803707692033,0.41743053940333413,0.4174330154754137,0.4174354653071849,0.41743788891266737,0.41744028630587504,0.4174426575008156,0.41744500251149064,0.4174473213518962,0.417449614036022,0.41745188057785193,0.41745412099136364,0.41745633529052906,0.41745852348931384,0.4174606856016781,0.4174628216415756,0.41746493162295434,0.41746701555975607,0.41746907346591666,0.4174711053553662,0.41747311124202896,0.4174750911398228,0.41747704506265965,0.4174789730244458,0.4174808750390812,0.4174827511204603,0.4174846012824712,0.4174864255389965,0.41748822390391216,0.41748999639108897,0.41749174301439096,0.41749346378767693,0.4174951587247997,0.41749682783960534,0.4174984711459348,0.41750008865762295,0.4175016803884985,0.41750324635238434,0.41750478656309764,0.4175063010344495,0.417507789780245,0.4175092528142831,0.4175106901503575,0.41751210180225534,0.41751348778375835,0.4175148481086419,0.4175161827906759,0.41751749184362397,0.4175187752812442,0.41752003311728814,0.4175212653655024,0.4175224720396266,0.41752365315339535,0.41752480872053693,0.41752593875477406,0.4175270432698231,0.41752812227939495,0.4175291757971944,0.4175302038369206,0.4175312064122665,0.41753218353691973,0.4175331352245609,0.4175340614888662,0.4175349623435049,0.41753583780214104,0.4175366878784321,0.41753751258603056,0.41753831193858243,0.41753908594972794,0.4175398346331021,0.4175405580023328,0.4175412560710433,0.4175419288528505,0.4175425763613655,0.4175431986101935,0.41754379561293414,0.41754436738318046,0.4175449139345208,0.41754543528053695,0.4175459314348047,0.4175464024108946,0.417546848222371,0.4175472688827922,0.4175476644057115,0.4175480348046756,0.417548380093226,0.41754870028489777,0.41754899539322077,0.41754926543171816,0.4175495104139084,0.4175497303533037,0.41754992526341006,0.41755009515772856,0.4175502400497534,0.4175503599529735,0.4175504548808722,0.4175505248469268,0.41755056986460926,0.4175505899473848,0.41755058510871373,0.4175505553620505,0.41755050072084327,0.41755042119853464,0.41755031680856186,0.4175501875643558,0.417550033479342,0.4175498545669398,0.41754965084056334,0.41754942231362047,0.41754916899951366,0.4175488909116397,0.417548588063389,0.41754826046814686,0.41754790813929227,0.4175475310901992,0.4175471293342353,0.4175467028847627,0.4175462517551374,0.41754577595871045,0.41754527550882664,0.41754475041882505,0.41754420070203885,0.4175436263717961,0.41754302744141825,0.417542403924222,0.4175417558335176,0.41754108318261,0.41754038598479787,0.4175396642533749,0.4175389180016287,0.41753814724284116,0.4175373519902884,0.4175365322572412,0.4175356880569641,0.41753481940271614,0.4175339263077508,0.4175330087853157,0.4175320668486534,0.4175311005109997,0.4175301097855851,0.4175290946856349,0.41752805522436837,0.41752699141499866,0.4175259032707341,0.4175247908047768,0.41752365403032304,0.41752249296056426,0.4175213076086849,0.4175200979878648,0.41751886411127803,0.41751760599209237,0.41751632364347085,0.41751501707857014,0.4175136863105413,0.41751233135252996,0.417510952217676,0.41750954891911374,0.4175081214699718,0.41750666988337287,0.4175051941724345,0.41750369435026846,0.4175021704299808,0.4175006224246713,0.41749905034743545,0.41749745421136175,0.4174958340295343,0.41749418981503056,0.41749252158092287,0.4174908293402779,0.41748911310615666,0.4174873728916144,0.4174856087097009,0.41748382057346006,0.4174820084959309,0.41748017249014613,0.41747831256913287,0.41747642874591323,0.4174745210335028,0.41747258944491245,0.4174706339931467,0.4174686546912051,0.41746665155208124,0.4174646245887633,0.4174625738142339,0.4174604992414701,0.4174584008834429,0.41745627875311814,0.4174541328634561,0.4174519632274111,0.41744976985793264,0.41744755276796397,0.4174453119704428,0.41744304747830163,0.4174407593044671,0.41743844746186026,0.4174361119633968,0.41743375282198714,0.4174313700505353,0.4174289636619406,0.4174265336690959,0.41742408008488935,0.4174216029222031,0.41741910219391415,0.4174165779128934,0.4174140300920067,0.41741145874411384,0.4174088638820697,0.4174062455187231,0.4174036036669174,0.4174009383394908,0.4173982495492757,0.41739553730909895,0.417392801631782,0.4173900425301406,0.4173872600169852,0.41738445410512043,0.41738162480734564,0.4173787721364546,0.4173758961052355,0.4173729967264712,0.41737007401293896,0.4173671279774105,0.417364158632652,0.4173611659914245,0.4173581500664829,0.41735511087057686,0.41735204841645074,0.41734896271684335,0.4173458537844881,0.41734272163211245,0.41733956627243896,0.41733638771818427,0.41733318598205954,0.417329961076771,0.41732671301501884,0.417323441809498,0.4173201474728977,0.4173168300179019,0.41731348945718927,0.41731012580343285,0.4173067390693001,0.41730332926745295,0.41729989641054815,0.4172964405112369,0.41729296158216506,0.4172894596359727,0.41728593468529457,0.4172823867427602,0.4172788158209933,0.4172752219326126,0.41727160509023115,0.4172679653064561,0.41726430259389014,0.4172606169651298,0.4172569084327662,0.4172531770093855,0.417249422707568,0.41724564553988847,0.41724184551891663,0.41723802265721677,0.4172341769673473,0.4172303084618618,0.4172264171533083,0.417222503054229,0.41721856617716097,0.41721460653463605,0.41721062413918064,0.417206619003315,0.4172025911395554,0.4171985405604114,0.4171944672783874,0.41719037130598297,0.4171862526556918,0.41718211134000255,0.4171779473713984,0.41717376076235674,0.41716955152534996,0.417165319672845,0.4171610652173036,0.41715678817118174,0.41715248854693027,0.41714816635699453,0.4171438216138146,0.4171394543298251,0.41713506451745525,0.4171306521891292,0.4171262173572654,0.4171217600342771,0.41711728023257183,0.41711277796455276,0.4171082532426163,0.41710370607915487,0.4170991364865544,0.4170945444771961,0.41708993006345607,0.4170852932577042,0.4170806340723056,0.41707595251961993,0.417071248612002,0.4170665223618004,0.4170617737813592,0.4170570028830168,0.41705220967910556,0.41704739418195386,0.4170425564038842,0.41703769635721294,0.41703281405425235,0.4170279095073088,0.41702298272868343,0.41701803373067176,0.41701306252556425,0.41700806912564603,0.4170030535431979,0.4169980157904935,0.41699295587980223,0.4169878738233882,0.4169827696335097,0.4169776433224205,0.41697249490236843,0.4169673243855965,0.4169621317843418,0.41695691711083693,0.4169516803773085,0.41694642159597817,0.4169411407790622,0.4169358379387717,0.4169305130873127,0.4169251662368856,0.4169197973996854,0.41691440658790196,0.41690899381372043,0.41690355908931986,0.4168981024268745,0.41689262383855336,0.4168871233365198,0.4168816009329326,0.41687605663994426,0.4168704904697031,0.4168649024343518,0.41685929254602727,0.416853660816862,0.4168480072589824,0.41684233188451036,0.4168366347055624,0.4168309157342495,0.41682517498267757,0.41681941246294724,0.416813628187154,0.41680782216738776,0.41680199441573357,0.4167961449442714,0.41679027376507544,0.4167843808902153,0.416778466331755,0.4167725301017533,0.4167665722122636,0.41676059267533444,0.416754591503009,0.41674856870732546,0.41674252430031633,0.41673645829400957,0.4167303707004272,0.41672426153158626,0.41671813079949893,0.41671197851617214,0.4167058046936072,0.4166996093438006,0.41669339247874343,0.41668715411042173,0.4166808942508164,0.4166746129119028,0.4166683101056516,0.4166619858440281,0.416655640138992,0.4166492730024984,0.41664288444649705,0.4166364744829324,0.416630043123744,0.4166235903808661,0.41661711626622777,0.41661062079175243,0.41660410396935915,0.41659756581096136,0.4165910063284677,0.4165844255337814,0.4165778234388002,0.4165712000554172,0.4165645553955202,0.4165578894709916,0.41655120229370907,0.41654449387554504,0.41653776422836664,0.4165310133640359,0.4165242412944098,0.4165174480313399,0.41651063358667323,0.41650379797225096,0.41649694119990954,0.4164900632814805,0.4164831642287897,0.4164762440536581,0.4164693027679016,0.41646234038333124,0.41645535691175245,0.4164483523649658,0.416441326754767,0.41643428009294603,0.416427212391288,0.4164201236615734,0.41641301391557695,0.4164058831650686,0.41639873142181294,0.41639155869757,0.41638436500409404,0.41637715035313483,0.4163699147564367,0.41636265822573887,0.41635538077277584,0.4163480824092764,0.4163407631469648,0.4163334229975598,0.4163260619727754,0.4163186800843205,0.4163112773438987,0.41630385376320894,0.41629640935394463,0.4162889441277942,0.4162814580964411,0.4162739512715641,0.41626642366483624,0.4162588752879255,0.41625130615249545,0.416243716270204,0.4162361056527044,0.41622847431164456,0.4162208222586677,0.4162131495054117,0.4162054560635093,0.4161977419445883,0.41619000716027144,0.4161822517221765,0.4161744756419161,0.4161666789310983,0.4161588616013255,0.4161510236641955,0.41614316513130073,0.4161352860142286,0.41612738632456175,0.41611946607387756,0.416111525273749,0.416103563935743,0.4160955820714219,0.4160875796923431,0.4160795568100592,0.41607151343611737,0.41606344958206054,0.41605536525942544,0.41604726047974483,0.41603913525454583,0.4160309895953505,0.416022823513677,0.41601463702103686,0.41600643012893795,0.4159982028488824,0.41598995519236753,0.41598168717088574,0.4159733987959244,0.4159650900789661,0.41595676103148804,0.41594841166496277,0.41594004199085766,0.41593165202063503,0.4159232417657524,0.41591481123766244,0.4159063604478124,0.41589788940764505,0.4158893981285979,0.41588088662210354,0.41587235489958996,0.4158638029724794,0.4158552308521899,0.41584663855013415,0.41583802607772014,0.4158293934463506,0.41582074066742325,0.41581206775233065,0.4158033747124616,0.4157946615591989,0.4157859283039209,0.41577717495800043,0.4157684015328059,0.4157596080397006,0.41575079449004254,0.4157419608951855,0.4157331072664781,0.41572423361526384,0.4157153399528811,0.4157064262906636,0.4156974926399403,0.415688539012035,0.4156795654182666,0.4156705718699491,0.4156615583783915,0.41565252495489813,0.41564347161076826,0.4156343983572961,0.4156253052057711,0.4156161921674778,0.4156070592536957,0.4155979064756999,0.41558873384476,0.4155795413721412,0.4155703290691029,0.4155610969469008,0.4155518450167851,0.4155425732900009,0.41553328177778864,0.41552397049138395,0.415514639442018,0.41550528864091574,0.4154959180992989,0.415486527828383,0.4154771178393794,0.4154676881434942,0.4154582387519289,0.4154487696758802,0.4154392809265394,0.41542977251509366,0.4154202444527251,0.41541069675061,0.41540112941992113,0.4153915424718257,0.41538193591748646,0.41537230976806083,0.41536266403470157,0.41535299872855647,0.4153433138607685,0.4153336094424763,0.41532388548481325,0.41531414199890754,0.41530437899588324,0.41529459648685874,0.41528479448294836,0.4152749729952611,0.41526513203490134,0.41525527161296855,0.41524539174055763,0.41523549242875846,0.4152255736886557,0.4152156355313296,0.4152056779678559,0.415195701009305,0.41518570466674215,0.415175688951229,0.41516565387382115,0.4151555994455699,0.41514552567752183,0.4151354325807186,0.4151253201661974,0.4151151884449899,0.4151050374281235,0.4150948671266205,0.4150846775514986,0.4150744687137705,0.41506424062444425,0.41505399329452325,0.4150437267350061,0.4150334409568863,0.4150231359711526,0.4150128117887893,0.41500246842077554,0.4149921058780862,0.4149817241716909,0.4149713233125542,0.41496090331163654,0.4149504641798937,0.41494000592827573,0.4149295285677289,0.4149190321091941,0.41490851656360794,0.4148979819419017,0.4148874282550024,0.41487685551383185,0.41486626372930724,0.41485565291234155,0.41484502307384236,0.41483437422471264,0.41482370637585075,0.4148130195381502,0.4148023137224993,0.41479158893978274,0.4147808452008795,0.4147700825166643,0.4147593008980067,0.4147485003557719,0.41473768090081997,0.41472684254400677,0.41471598529618314,0.4147051091681952,0.41469421417088437,0.41468330031508716,0.4146723676116355,0.4146614160713566,0.414650445705073,0.4146394565236027,0.4146284485377587,0.4146174217583492,0.4146063761961777,0.41459531186204335,0.4145842287667403,0.41457312692105797,0.41456200633578133,0.41455086702169036,0.41453970898956044,0.41452853225016223,0.4145173368142618,0.4145061226926204,0.41449488989599464,0.4144836384351367,0.4144723683207933,0.4144610795637072,0.41444977217461615,0.41443844616425307,0.414427101543347,0.4144157383226216,0.41440435651279584,0.41439295612458427,0.4143815371686963,0.41437009965583704,0.4143586435967073,0.41434716900200264,0.41433567588241416,0.4143241642486281,0.41431263411132613,0.41430108548118555,0.41428951836887873,0.41427793278507336,0.4142663287404327,0.414254706245615,0.41424306531127436,0.4142314059480596,0.4142197281666153,0.41420803197758094,0.4141963173915922,0.41418458441927974,0.4141728330712696,0.4141610633581825,0.4141492752906351,0.41413746887923975,0.4141256441346035,0.4141138010673295,0.4141019396880152,0.4140900600072545,0.4140781620356361,0.41406624578374424,0.41405431126215847,0.4140423584814541,0.41403038745220133,0.414018398184966,0.41400639069030876,0.413994364978786,0.41398232106095056,0.41397025894734896,0.4139581786485241,0.4139460801750143,0.41393396353735257,0.4139218287460678,0.4139096758116844,0.4138975047447221,0.4138853155556958,0.4138731082551163,0.4138608828534891,0.4138486393613155,0.41383637778909205,0.4138240981473112,0.4138118004464603,0.4137994846970227,0.4137871509094761,0.4137747990942944,0.4137624292619471,0.41375004142289873,0.4137376355876093,0.41372521176653404,0.4137127699701242,0.4137003102088259,0.41368783249308083,0.4136753368333261,0.41366282323999454,0.41365029172351475,0.41363774229430916,0.4136251749627974,0.41361258973939274,0.41359998663450626,0.41358736565854315,0.4135747268219038,0.4135620701349846,0.41354939560817716,0.41353670325186853,0.41352399307644117,0.41351126509227326,0.41349851930973824,0.4134857557392049,0.4134729743910376,0.41346017527559625,0.4134473584032363,0.4134345237843085,0.413421671429159,0.4134088013481293,0.413395913551557,0.41338300804977485,0.4133700848531106,0.41335714397188805,0.41334418541642676,0.41333120919704086,0.41331821532404034,0.41330520380773095,0.41329217465841395,0.4132791278863859,0.41326606350193873,0.4132529815153597,0.41323988193693245,0.41322676477693493,0.4132136300456414,0.4132004777533215,0.41318730791024005,0.413174120526658,0.413160915612831,0.4131476931790108,0.41313445323544445,0.41312119579237466,0.41310792086003906,0.41309462844867173,0.4130813185685019,0.4130679912297539,0.41305464644264817,0.4130412842174001,0.4130279045642213,0.41301450749331836,0.4130010930148934,0.4129876611391445,0.4129742118762648,0.4129607452364433,0.4129472612298642,0.41293375986670783,0.41292024115714965,0.4129067051113605,0.4128931517395071,0.4128795810517514,0.4128659930582512,0.4128523877691597,0.41283876519462576,0.41282512534479354,0.4128114682298031,0.41279779385979,0.41278410224488477,0.4127703933952142,0.4127566673209004,0.41274292403206125,0.4127291635388095,0.41271538585125433,0.41270159097950027,0.4126877789336469,0.41267394972378973,0.4126601033600203,0.41264623985242477,0.4126323592110858,0.4126184614460812,0.41260454656748435,0.4125906145853639,0.41257666550978433,0.41256269935080625,0.4125487161184854,0.4125347158228728,0.41252069847401596,0.41250666408195696,0.41249261265673376,0.4124785442083803,0.41246445874692583,0.4124503562823955,0.4124362368248097,0.4124221003841843,0.4124079469705313,0.41239377659385795,0.41237958926416746,0.4123653849914581,0.412351163785724,0.41233692565695507,0.4123226706151368,0.41230839867024993,0.4122941098322715,0.4122798041111737,0.4122654815169241,0.41225114205948626,0.41223678574881945,0.4122224125948784,0.4122080226076134,0.4121936157969709,0.41217919217289245,0.4121647517453149,0.4121502945241717,0.4121358205193908,0.412121329740897,0.41210682219861006,0.4120922979024454,0.41207775686231424,0.41206319908812333,0.412048624589775,0.4120340333771676,0.41201942546019477,0.4120048008487459,0.41199015955270607,0.41197550158195595,0.4119608269463721,0.41194613565582655,0.41193142772018704,0.4119167031493169,0.4119019619530748,0.411887204141316,0.41187242972389054,0.4118576387106447,0.4118428311114201,0.41182800693605426,0.41181316619438035,0.41179830889622715,0.41178343505141884,0.41176854466977564,0.4117536377611136,0.41173871433524406,0.411723774401974,0.41170881797110676,0.41169384505244083,0.4116788556557703,0.41166384979088505,0.41164882746757114,0.4116337886956094,0.4116187334847771,0.4116036618448474,0.41158857378558833,0.41157346931676436,0.4115583484481352,0.41154321118945647,0.4115280575504794,0.41151288754095117,0.41149770117061457,0.4114824984492077,0.41146727938646516,0.41145204399211677,0.4114367922758878,0.4114215242475,0.41140623991667014,0.41139093929311127,0.4113756223865315,0.41136028920663553,0.41134493976312286,0.4113295740656896,0.4113141921240271,0.4112987939478225,0.41128337954675864,0.4112679489305142,0.4112525021087641,0.41123703909117776,0.41122155988742154,0.41120606450715697,0.41119055296004137,0.41117502525572797,0.4111594814038655,0.4111439214140988,0.41112834529606823,0.4111127530594098,0.41109714471375564,0.4110815202687334,0.41106587973396647,0.41105022311907397,0.41103455043367104,0.41101886168736845,0.4110031568897726,0.4109874360504861,0.4109716991791064,0.41095594628522786,0.41094017737844,0.41092439246832807,0.41090859156447307,0.4108927746764525,0.4108769418138389,0.4108610929862006,0.41084522820310176,0.41082934747410266,0.4108134508087596,0.41079753821662357,0.4107816097072425,0.4107656652901595,0.41074970497491364,0.4107337287710399,0.41071773668806877,0.41070172873552674,0.41068570492293616,0.41066966525981496,0.4106536097556771,0.41063753842003264,0.41062145126238647,0.4106053482922404,0.4105892295190911,0.41057309495243177,0.41055694460175124,0.41054077847653414,0.4105245965862609,0.41050839894040775,0.4104921855484468,0.41047595641984536,0.4104597115640676,0.4104434509905728,0.4104271747088167,0.4104108827282502,0.41039457505832044,0.4103782517084702,0.41036191268813826,0.4103455580067589,0.41032918767376314,0.4103128016985766,0.4102964000906215,0.4102799828593159,0.41026355001407355,0.41024710156430405,0.4102306375194128,0.4102141578888013,0.41019766268186625,0.4101811519080011,0.41016462557659483,0.410148083697032,0.41013152627869287,0.4101149533309543,0.4100983648631886,0.41008176088476395,0.4100651414050444,0.41004850643338986,0.41003185597915637,0.41001519005169546,0.40999850866035453,0.4099818118144771,0.40996509952340254,0.4099483717964661,0.4099316286429986,0.4099148700723274,0.40989809609377514,0.4098813067166604,0.409864501950298,0.40984768180399817,0.40983084628706756,0.4098139954088083,0.40979712917851874,0.40978024760549303,0.4097633506990209,0.40974643846838826,0.40972951092287707,0.4097125680717648,0.4096956099243252,0.40967863648982755,0.4096616477775377,0.40964464379671645,0.4096276245566213,0.40961059006650524,0.40959354033561757,0.4095764753732029,0.4095593951885022,0.4095422997907523,0.40952518918918623,0.40950806339303203,0.4094909224115149,0.4094737662538552,0.40945659492926884,0.4094394084469687,0.40942220681616276,0.40940499004605546,0.40938775814584705,0.4093705111247332,0.40935324899190645,0.4093359717565542,0.4093186794278607,0.4093013720150055,0.4092840495271648,0.40926671197350994,0.40924935936320894,0.409231991705425,0.40921460900931833,0.40919721128404396,0.4091797985387537,0.4091623707825949,0.40914492802471075,0.40912747027424073,0.40910999754032035,0.4090925098320806,0.4090750071586491,0.4090574895291485,0.40903995695269857,0.4090224094384139,0.40900484699540607,0.408987269632782,0.4089696773596445,0.408952070185093,0.4089344481182227,0.4089168111681241,0.40889915934388427,0.4088814926545863,0.408863811109309,0.40884611471712745,0.40882840348711247,0.40881067742833105,0.4087929365498459,0.4087751808607162,0.40875741036999624,0.40873962508673745,0.40872182501998655,0.40870401017878644,0.4086861805721759,0.40866833620918963,0.40865047709885866,0.40863260325021006,0.40861471467226623,0.4085968113740465,0.40857889336456554,0.4085609606528345,0.40854301324785997,0.4085250511586453,0.40850707439418904,0.4084890829634863,0.4084710768755281,0.4084530561393012,0.408435020763789,0.40841697075797034,0.40839890613082014,0.4083808268913098,0.4083627330484063,0.408344624611073,0.4083265015882688,0.40830836398894915,0.4082902118220652,0.4082720450965642,0.4082538638213895,0.4082356680054807,0.40821745765777306,0.40819923278719805,0.408180993402683,0.4081627395131518,0.40814447112752394,0.4081261882547149,0.40810789090363647,0.4080895790831966,0.40807125280229883,0.4080529120698431,0.40803455689472545,0.40801618728583744,0.40799780325206775,0.4079794048023001,0.40796099194541474,0.40794256469028795,0.4079241230457922,0.4079056670207954,0.4078871966241621,0.40786871186475315,0.40785021275142486,0.4078316992930299,0.4078131714984172,0.40779462937643146,0.4077760729359134,0.4077575021857001,0.4077389171346249,0.4077203177915166,0.40770170416520074,0.4076830762644981,0.4076644340982268,0.4076457776751999,0.40762710700422666,0.4076084220941133,0.40758972295366164,0.4075710095916694,0.4075522820169307,0.40753354023823574,0.4075147842643697,0.4074960141041157,0.4074772297662522,0.40745843125955356,0.40743961859279026,0.4074207917747291,0.4074019508141329,0.4073830957197606,0.407364226500367,0.4073453431647038,0.407326445721518,0.40730753417955284,0.40728860854754806,0.40726966883423926,0.4072507150483584,0.407231747198633,0.40721276529378736,0.40719376934254164,0.40717475935361214,0.4071557353357111,0.40713669729754703,0.4071176452478247,0.40709857919524506,0.4070794991485048,0.4070604051162972,0.4070412971073117,0.40702217513023337,0.40700303919374403,0.4069838893065215,0.40696472547723916,0.4069455477145667,0.4069263560271707,0.40690715042371356,0.4068879309128535,0.40686869750324495,0.40684945020353924,0.4068301890223826,0.4068109139684186,0.40679162505028627,0.4067723222766207,0.4067530056560537,0.4067336751972128,0.4067143309087224,0.40669497279920225,0.40667560087726845,0.4066562151515333,0.4066368156306057,0.4066174023230902,0.4065979752375879,0.40657853438269576,0.4065590797670071,0.4065396113991115,0.40652012928759435,0.40650063344103765,0.40648112386801916,0.4064616005771138,0.4064420635768912,0.4064225128759183,0.40640294848275754,0.40638337040596845,0.4063637786541059,0.40634417323572114,0.40632455415936203,0.4063049214335721,0.4062852750668913,0.40626561506785597,0.4062459414449985,0.4062262542068474,0.4062065533619275,0.40618683891875956,0.4061671108858612,0.4061473692717457,0.4061276140849226,0.4061078453338976,0.40608806302717304,0.4060682671732471,0.40604845778061416,0.4060286348577656,0.40600879841318765,0.40598894845536376,0.40596908499277345,0.4059492080338921,0.4059293175871919,0.40590941366114036,0.4058894962642024,0.4058695654048386,0.4058496210915056,0.4058296633326564,0.4058096921367401,0.4057897075122024,0.40576970946748503,0.405749698011026,0.4057296731512595,0.40570963489661627,0.4056895832555228,0.40566951823640207,0.4056494398476736,0.40562934809775264,0.40560924299505097,0.4055891245479766,0.4055689927649337,0.4055488476543229,0.405528689224541,0.4055085174839809,0.40548833244103194,0.40546813410407995,0.4054479224815067,0.4054276975816902,0.4054074594130046,0.4053872079838208,0.40536694330250544,0.4053466653774223,0.40532637421693046,0.4053060698293853,0.4052857522231393,0.40526542140654054,0.40524507738793386,0.40522472017566014,0.405204349778056,0.4051839662034554,0.40516356946018783,0.40514315955657937,0.40512273650095243,0.4051023003016253,0.40508185096691285,0.40506138850512674,0.4050409129245741,0.40502042423355866,0.4049999224403806,0.40497940755333617,0.4049588795807182,0.4049383385308156,0.40491778441191356,0.4048972172322938,0.40487663700023413,0.4048560437240089,0.4048354374118887,0.4048148180721402,0.40479418571302644,0.4047735403428071,0.4047528819697377,0.4047322106020707,0.40471152624805423,0.40469082891593333,0.4046701186139488,0.4046493953503378,0.4046286591333347,0.40460790997116886,0.4045871478720671,0.4045663728442521,0.40454558489594283,0.4045247840353546,0.4045039702706992,0.4044831436101843,0.4044623040620148,0.4044414516343912,0.40442058633551053,0.4043997081735662,0.40437881715674806,0.4043579132932421,0.40433699659123074,0.40431606705889284,0.40429512470440326,0.4042741695359339,0.4042532015616527,0.4042322207897235,0.4042112272283069,0.4041902208855598,0.40416920176963556,0.4041481698886839,0.4041271252508504,0.40410606786427783,0.40408499773710504,0.4040639148774668,0.40404281929349445,0.4040217109933159,0.40400058998505567,0.403979456276834,0.4039583098767682,0.4039371507929712,0.4039159790335526,0.4038947946066189,0.40387359752027235,0.4038523877826119,0.4038311654017325,0.4038099303857258,0.40378868274268015,0.4037674224806796,0.403746149607805,0.40372486413213327,0.4037035660617383,0.4036822554046898,0.4036609321690543,0.4036395963628941,0.40361824799426865,0.4035968870712334,0.4035755136018403,0.4035541275941378,0.40353272905617044,0.40351131799597945,0.40348989442160227,0.4034684583410729,0.4034470097624216,0.403425548693675,0.4034040751428565,0.403382589117986,0.4033610906270791,0.40333957967814826,0.40331805627920253,0.4032965204382467,0.40327497216328273,0.40325341146230875,0.4032318383433194,0.4032102528143052,0.403188654883254,0.4031670445581495,0.4031454218469719,0.40312378675769767,0.4031021392983001,0.4030804794767485,0.40305880730100896,0.40303712277904385,0.40301542591881245,0.4029937167282692,0.4029719952153662,0.402950261388052,0.4029285152542708,0.4029067568219636,0.4028849860990679,0.40286320309351786,0.4028414078132439,0.4028196002661725,0.4027977804602273,0.40277594840332803,0.40275410410339085,0.40273224756832815,0.4027103788060492,0.40268849782445976,0.40266660463146187,0.4026446992349537,0.40262278164283044,0.40260085186298356,0.40257890990330125,0.40255695577166734,0.40253498947596295,0.40251301102406534,0.4024910204238484,0.40246901768318233,0.40244700280993356,0.40242497581196573,0.40240293669713834,0.40238088547330736,0.4023588221483258,0.40233674673004255,0.40231465922630344,0.40229255964495014,0.4022704479938216,0.40224832428075263,0.40222618851357533,0.4022040407001174,0.40218188084820333,0.4021597089656543,0.40213752506028766,0.40211532913991777,0.4020931212123547,0.40207090128540585,0.4020486693668747,0.4020264254645617,0.40200416958626256,0.40198190173977055,0.40195962193287543,0.40193733017336314,0.4019150264690166,0.4018927108276144,0.4018703832569325,0.4018480437647427,0.40182569235881394,0.401803329046911,0.4017809538367959,0.40175856673622645,0.4017361677529578,0.40171375689474087,0.4016913341693237,0.40166889958445,0.40164645314786107,0.4016239948672941,0.40160152475048294,0.4015790428051579,0.4015565490390461,0.4015340434598709,0.40151152607535223,0.4014889968932067,0.4014664559211474,0.40144390316688383,0.401421338638122,0.4013987623425649,0.4013761742879114,0.40135357448185743,0.40133096293209564,0.4013083396463147,0.4012857046322,0.40126305789743316,0.40124039944969303,0.4012177292966547,0.4011950474459898,0.4011723539053666,0.40114964868244984,0.4011269317849006,0.4011042032203768,0.401081462996533,0.4010587111210201,0.40103594760148553,0.4010131724455734,0.4009903856609249,0.40096758725517684,0.40094477723596333,0.4009219556109145,0.4008991223876573,0.40087627757381566,0.4008534211770093,0.40083055320485494,0.4008076736649659,0.40078478256495226,0.40076187991242024,0.4007389657149731,0.4007160399802101,0.4006931027157277,0.40067015392911864,0.4006471936279723,0.40062422181987434,0.40060123851240764,0.4005782437131512,0.4005552374296809,0.4005322196695689,0.4005091904403844,0.40048614974969243,0.4004630976050555,0.4004400340140324,0.40041695898417834,0.400393872523045,0.4003707746381812,0.40034766533713206,0.4003245446274392,0.4003014125166412,0.40027826901227265,0.4002551141218655,0.4002319478529478,0.40020877021304446,0.4001855812096768,0.4001623808503628,0.40013916914261743,0.4001159460939514,0.40009271171187333,0.4000694660038873,0.4000462089774948,0.40002294064019317,0.3999996609994771,0.39997637006283726,0.3999530678377617,0.3999297543317346,0.39990642955223693,0.3998830935067463,0.39985974620273673,0.39983638764767926,0.39981301784904133,0.3997896368142867,0.3997662445508765,0.3997428410662681,0.3997194263679154,0.39969600046326903,0.3996725633597766,0.3996491150648817,0.3996256555860251,0.3996021849306444,0.39957870310617344,0.3995552101200422,0.39953170597967874,0.39950819069250626,0.3994846642659455,0.399461126707414,0.3994375780243255,0.3994140182240903,0.3993904473141156,0.39936686530180554,0.39934327219456006,0.39931966799977714,0.3992960527248501,0.39927242637716953,0.39924878896412275,0.3992251404930936,0.3992014809714624,0.39917781040660655,0.39915412880590023,0.3991304361767137,0.39910673252641415,0.39908301786236566,0.3990592921919287,0.39903555552246056,0.39901180786131546,0.39898804921584385,0.39896427959339315,0.39894049900130746,0.39891670744692725,0.39889290493759044,0.3988690914806306,0.39884526708337853,0.3988214317531621,0.39879758549730554,0.3987737283231293,0.39874986023795134,0.39872598124908587,0.3987020913638439,0.3986781905895328,0.3986542789334574,0.3986303564029188,0.39860642300521465,0.3985824787476396,0.39855852363748473,0.39853455768203827,0.3985105808885846,0.39848659326440505,0.3984625948167778,0.3984385855529775,0.3984145654802759,0.3983905346059412,0.3983664929372382,0.39834244048142886,0.39831837724577157,0.39829430323752113,0.3982702184639296,0.39824612293224587,0.39822201664971496,0.39819789962357877,0.3981737718610765,0.3981496333694433,0.39812548415591154,0.39810132422771,0.3980771535920645,0.39805297225619773,0.3980287802273286,0.3980045775126732,0.39798036411944404,0.39795614005485075,0.3979319053260994,0.39790765994039284,0.3978834039049308,0.3978591372269097,0.39783485991352247,0.3978105719719592,0.39778627340940664,0.39776196423304794,0.3977376444500636,0.3977133140676303,0.39768897309292195,0.3976646215331086,0.3976402593953577,0.3976158866868333,0.39759150341469596,0.39756710958610314,0.3975427052082093,0.3975182902881655,0.3974938648331192,0.39746942885021513,0.3974449823465945,0.39742052532939576,0.39739605780575343,0.39737157978279924,0.39734709126766193,0.39732259226746613,0.39729808278933426,0.3972735628403852,0.3972490324277341,0.3972244915584936,0.39719994023977256,0.397175378478677,0.3971508062823097,0.39712622365776984,0.3971016306121539,0.39707702715255516,0.3970524132860632,0.39702778901976477,0.397003154360743,0.3969785093160784,0.3969538538928481,0.39692918809812583,0.39690451193898213,0.39687982542248446,0.396855128555697,0.3968304213456809,0.39680570379949387,0.39678097592419076,0.396756237726823,0.39673148921443857,0.39670673039408266,0.39668196127279726,0.396657181857621,0.39663239215558943,0.39660759217373526,0.39658278191908697,0.39655796139867067,0.3965331306195093,0.3965082895886224,0.3964834383130267,0.39645857679973506,0.396433705055758,0.3964088230881017,0.39638393090377055,0.3963590285097646,0.39633411591308154,0.39630919312071533,0.39628426013965756,0.39625931697689537,0.39623436363941406,0.3962094001341951,0.3961844264682167,0.3961594426484541,0.3961344486818795,0.3961094445754618,0.39608443033616664,0.3960594059709567,0.39603437148679144,0.39600932689062707,0.3959842721894166,0.3959592073901104,0.3959341324996552,0.39590904752499456,0.39588395247306896,0.3958588473508158,0.39583373216516954,0.3958086069230612,0.3957834716314187,0.3957583262971668,0.39573317092722726,0.39570800552851865,0.39568283010795635,0.39565764467245285,0.39563244922891716,0.3956072437842551,0.3955820283453696,0.3955568029191604,0.3955315675125243,0.39550632213235476,0.3954810667855422,0.39545580147897363,0.39543052621953345,0.3954052410141024,0.3953799458695583,0.3953546407927761,0.39532932579062735,0.39530400086998074,0.3952786660377016,0.395253321300652,0.39522796666569127,0.39520260213967545,0.39517722772945735,0.39515184344188703,0.39512644928381097,0.39510104526207324,0.3950756313835138,0.3950502076549704,0.39502477408327735,0.3949993306752655,0.39497387743776363,0.3949484143775963,0.39492294150158547,0.39489745881655014,0.3948719663293054,0.3948464640466644,0.3948209519754368,0.39479543012242896,0.3947698984944436,0.3947443570982816,0.3947188059407398,0.3946932450286125,0.3946676743686905,0.39464209396776206,0.3946165038326119,0.3945909039700214,0.39456529438676924,0.3945396750896313,0.39451404608538,0.3944884073807848,0.39446275898261185,0.3944371008976247,0.3944114331325833,0.39438575569424494,0.39436006858936357,0.39433437182469033,0.39430866540697296,0.3942829493429564,0.39425722363938237,0.3942314883029899,0.39420574334051417,0.39417998875868815,0.3941542245642414,0.3941284507639002,0.39410266736438804,0.394076874372425,0.3940510717947288,0.39402525963801344,0.3939994379089902,0.3939736066143675,0.3939477657608499,0.3939219153551397,0.39389605540393596,0.39387018591393474,0.3938443068918287,0.39381841834430775,0.39379252027805883,0.39376661269976543,0.3937406956161087,0.39371476903376595,0.3936888329594121,0.3936628873997186,0.3936369323613542,0.3936109678509843,0.39358499387527157,0.3935590104408754,0.39353301755445197,0.3935070152226554,0.39348100345213555,0.39345498224953995,0.39342895162151287,0.39340291157469576,0.3933768621157268,0.3933508032512412,0.3933247349878714,0.39329865733224634,0.3932725702909923,0.3932464738707327,0.39322036807808775,0.3931942529196744,0.3931681284021069,0.39314199453199616,0.3931158513159506,0.3930896987605751,0.3930635368724722,0.3930373656582405,0.3930111851244766,0.39298499527777303,0.39295879612472023,0.3929325876719053,0.39290636992591205,0.3928801428933216,0.39285390658071234,0.3928276609946594,0.39280140614173464,0.3927751420285069,0.3927488686615427,0.3927225860474051,0.3926962941926539,0.39266999310384626,0.39264368278753675,0.39261736325027624,0.3925910344986128,0.39256469653909193,0.3925383493782557,0.39251199302264317,0.3924856274787907,0.3924592527532315,0.39243286885249584,0.39240647578311105,0.3923800735516011,0.39235366216448775,0.3923272416282893,0.3923008119495211,0.3922743731346953,0.3922479251903217,0.3922214681229067,0.392195001938954,0.39216852664496377,0.3921420422474336,0.3921155487528586,0.39208904616773005,0.3920625344985366,0.3920360137517643,0.3920094839338953,0.39198294505140974,0.39195639711078467,0.39192984011849397,0.39190327408100845,0.391876699004796,0.39185011489632166,0.39182352176204754,0.39179691960843277,0.39177030844193367,0.39174368826900324,0.391717059096092,0.3916904209296474,0.3916637737761137,0.39163711764193215,0.39161045253354154,0.3915837784573774,0.39155709541987216,0.3915304034274556,0.39150370248655453,0.3914769926035929,0.3914502737849915,0.39142354603716845,0.3913968093665382,0.3913700637795135,0.39134330928250327,0.3913165458819137,0.3912897735841482,0.3912629923956071,0.39123620232268774,0.3912094033717849,0.39118259554928997,0.39115577886159153,0.3911289533150756,0.3911021189161253,0.39107527567112,0.39104842358643727,0.3910215626684508,0.3909946929235321,0.3909678143580489,0.39094092697836696,0.3909140307908484,0.3908871258018531,0.39086021201773774,0.390833289444856,0.39080635808955866,0.39077941795819343,0.3907524690571056,0.39072551139263717,0.39069854497112755,0.3906715697989128,0.39064458588232626,0.39061759322769873,0.3905905918413579,0.3905635817296282,0.3905365628988313,0.39050953535528654,0.39048249910530997,0.3904554541552145,0.3904284005113107,0.3904013381799057,0.3903742671673039,0.3903471874798072,0.390320099123714,0.39029300210532053,0.3902658964309193,0.39023878210680085,0.39021165913925204,0.3901845275345575,0.3901573872989985,0.3901302384388536,0.39010308096039836,0.3900759148699057,0.3900487401736455,0.3900215568778848,0.3899943649888882,0.3899671645129165,0.38993995545622867,0.38991273782507985,0.3898855116257227,0.38985827686440766,0.3898310335473814,0.3898037816808881,0.38977652127116896,0.3897492523244624,0.3897219748470041,0.3896946888450269,0.38966739432476044,0.38964009129243177,0.3896127797542646,0.38958545971648084,0.3895581311852986,0.38953079416693365,0.3895034486675986,0.38947609469350375,0.3894487322508557,0.38942136134585864,0.3893939819847139,0.3893665941736202,0.38933919791877314,0.3893117932263656,0.38928438010258726,0.3892569585536254,0.3892295285856646,0.38920209020488616,0.3891746434174688,0.38914718822958805,0.38911972464741723,0.38909225267712616,0.38906477232488257,0.3890372835968506,0.38900978649919193,0.38898228103806537,0.38895476721962735,0.3889272450500305,0.38889971453542516,0.38887217568195903,0.38884462849577683,0.3888170729830208,0.3887895091498295,0.3887619370023392,0.38873435654668365,0.3887067677889932,0.38867917073539593,0.3886515653920166,0.38862395176497744,0.38859632986039777,0.3885686996843942,0.38854106124308063,0.38851341454256755,0.38848575958896353,0.3884580963883738,0.38843042494690067,0.38840274527064417,0.38837505736570094,0.3883473612381655,0.3883196568941286,0.38829194433967923,0.38826422358090296,0.3882364946238826,0.38820875747469863,0.388181012139428,0.3881532586241455,0.3881254969349231,0.38809772707782936,0.3880699490589305,0.3880421628842901,0.3880143685599687,0.387986566092024,0.38795875548651115,0.38793093674948215,0.3879031098869869,0.3878752749050718,0.38784743180978043,0.3878195806071547,0.38779172130323225,0.38776385390404916,0.3877359784156381,0.387708094844029,0.3876802031952492,0.38765230347532337,0.3876243956902726,0.3875964798461164,0.3875685559488708,0.3875406240045493,0.38751268401916217,0.38748473599871763,0.38745677994922056,0.38742881587667327,0.3874008437870757,0.3873728636864245,0.38734487558071345,0.3873168794759342,0.3872888753780753,0.3872608632931226,0.38723284322705864,0.38720481518586414,0.3871767791755163,0.38714873520199033,0.3871206832712581,0.3870926233892885,0.3870645555620487,0.38703647979550193,0.3870083960956097,0.3869803044683301,0.38695220491961846,0.3869240974554278,0.3868959820817084,0.3868678588044072,0.386839727629469,0.3868115885628356,0.386783441610446,0.3867552867782366,0.3867271240721414,0.3866989534980909,0.38667077506201347,0.3866425887698345,0.3866143946274762,0.3865861926408594,0.386557982815901,0.38652976515851534,0.3865015396746145,0.38647330637010735,0.38644506525090044,0.38641681632289726,0.38638855959199875,0.38636029506410313,0.386332022745106,0.38630374264089984,0.38627545475737485,0.3862471591004183,0.3862188556759151,0.3861905444897465,0.3861622255477923,0.3861338988559285,0.38610556442002936,0.38607722224596547,0.38604887233960555,0.3860205147068151,0.38599214935345694,0.38596377628539125,0.38593539550847544,0.3859070070285646,0.385878610851511,0.38585020698316386,0.3858217954293699,0.3857933761959731,0.3857649492888147,0.3857365147137336,0.38570807247656563,0.38567962258314403,0.3856511650392991,0.3856226998508591,0.38559422702364904,0.3855657465634914,0.38553725847620585,0.38550876276760954,0.38548025944351694,0.38545174850973984,0.3854232299720873,0.3853947038363655,0.3853661701083782,0.38533762879392675,0.38530907989880886,0.38528052342882085,0.38525195938975504,0.38522338778740206,0.38519480862754973,0.3851662219159826,0.3851376276584833,0.3851090258608311,0.3850804165288033,0.3850517996681738,0.38502317528471447,0.38499454338419375,0.38496590397237856,0.3849372570550322,0.3849086026379156,0.3848799407267872,0.3848512713274023,0.384822594445514,0.38479391008687264,0.3847652182572257,0.3847365189623184,0.3847078122078928,0.38467909799968913,0.38465037634344373,0.3846216472448915,0.3845929107097635,0.3845641667437891,0.38453541535269486,0.3845066565422043,0.38447789031803853,0.3844491166859165,0.38442033565155365,0.3843915472206632,0.3843627513989555,0.3843339481921386,0.3843051376059179,0.3842763196459956,0.38424749431807204,0.38421866162784474,0.38418982158100784,0.384160974183254,0.38413211944027215,0.38410325735774903,0.384074387941369,0.38404551119681396,0.3840166271297624,0.3839877357458906,0.38395883705087225,0.3839299310503784,0.38390101775007723,0.3838720971556348,0.3838431692727141,0.3838142341069757,0.3837852916640776,0.383756341949675,0.3837273849694205,0.3836984207289644,0.3836694492339537,0.3836404704900333,0.3836114845028457,0.38358249127803035,0.3835534908212239,0.3835244831380611,0.3834954682341736,0.38346644611519043,0.3834374167867383,0.3834083802544409,0.3833793365239198,0.3833502856007935,0.38332122749067804,0.3832921621991869,0.3832630897319313,0.3832340100945196,0.38320492329255706,0.3831758293316473,0.3831467282173902,0.3831176199553839,0.3830885045512239,0.3830593820105028,0.38303025233881055,0.3830011155417351,0.3829719716248612,0.38294282059377105,0.3829136624540444,0.3828844972112584,0.3828553248709878,0.38282614543880455,0.3827969589202781,0.38276776532097523,0.38273856464646006,0.3827093569022945,0.38268014209403745,0.38265092022724534,0.38262169130747237,0.38259245534026975,0.3825632123311862,0.3825339622857679,0.38250470520955854,0.3824754411080992,0.38244616998692843,0.3824168918515819,0.3823876067075932,0.38235831456049274,0.38232901541580894,0.3822997092790676,0.3822703961557915,0.3822410760515013,0.38221174897171484,0.3821824149219473,0.38215307390771186,0.38212372593451877,0.38209437100787547,0.3820650091332872,0.3820356403162564,0.38200626456228337,0.3819768818768653,0.38194749226549735,0.38191809573367186,0.3818886922868782,0.3818592819306041,0.381829864670334,0.3818004405115501,0.3817710094597322,0.3817415715203571,0.3817121266988994,0.3816826750008312,0.38165321643162187,0.38162375099673823,0.38159427870164475,0.3815647995518028,0.38153531355267206,0.381505820709709,0.38147632102836837,0.381446814514101,0.3814173011723564,0.38138778100858123,0.38135825402821943,0.38132872023671255,0.3812991796394994,0.3812696322420168,0.38124007804969806,0.38121051706797515,0.3811809493022765,0.38115137475802874,0.3811217934406557,0.38109220535557853,0.3810626105082162,0.3810330089039848,0.38100340054829784,0.3809737854465669,0.38094416360420047,0.38091453502660483,0.38088489971918343,0.3808552576873375,0.38082560893646555,0.3807959534719639,0.3807662912992261,0.38073662242364326,0.3807069468506037,0.38067726458549367,0.3806475756336967,0.380617880000594,0.38058817769156383,0.3805584687119824,0.3805287530672233,0.3804990307626574,0.38046930180365335,0.38043956619557695,0.38040982394379175,0.3803800750536591,0.3803503195305375,0.38032055737978254,0.380290788606748,0.38026101321678485,0.3802312312152417,0.38020144260746486,0.3801716473987976,0.380141845594581,0.3801120372001538,0.38008222222085186,0.3800524006620089,0.38002257252895594,0.3799927378270217,0.3799628965615323,0.3799330487378114,0.3799031943611801,0.3798733334369573,0.3798434659704589,0.3798135919669991,0.37978371143188866,0.3797538243704367,0.37972393078794964,0.3796940306897309,0.37966412408108197,0.379634210967302,0.37960429135368673,0.3795743652455308,0.3795444326481255,0.37951449356675937,0.3794845480067196,0.3794545959732896,0.3794246374717515,0.3793946725073842,0.3793647010854644,0.37933472321126643,0.37930473889006167,0.37927474812711975,0.37924475092770726,0.3792147472970888,0.37918473724052587,0.3791547207632782,0.37912469787060266,0.37909466856775387,0.3790646328599839,0.3790345907525423,0.37900454225067637,0.3789744873596306,0.3789444260846475,0.3789143584309668,0.3788842844038259,0.37885420400845937,0.37882411725010023,0.37879402413397834,0.3787639246653212,0.37873381884935375,0.3787037066912991,0.3786735881963773,0.37864346336980614,0.37861333221680116,0.3785831947425751,0.37855305095233854,0.3785229008512995,0.37849274444466363,0.3784625817376344,0.37843241273541245,0.3784022374431959,0.3783720558661808,0.37834186800956043,0.37831167387852616,0.37828147347826635,0.37825126681396737,0.3782210538908132,0.3781908347139847,0.37816060928866113,0.37813037762001867,0.3781001397132314,0.3780698955734712,0.3780396452059074,0.3780093886157066,0.37797912580803306,0.37794885678804896,0.3779185815609139,0.37788830013178476,0.3778580125058164,0.37782771868816134,0.3777974186839694,0.377767112498388,0.37773680013656213,0.3777064816036348,0.3776761569047458,0.37764582604503333,0.37761548902963266,0.3775851458636769,0.3775547965522965,0.3775244411006202,0.3774940795137733,0.37746371179687976,0.37743333795506023,0.3774029579934336,0.3773725719171158,0.377342179731221,0.37731178144086036,0.377281377051143,0.3772509665671756,0.3772205499940627,0.3771901273369057,0.3771596986008042,0.3771292637908556,0.3770988229121542,0.37706837596979254,0.37703792296886046,0.37700746391444584,0.3769769988116332,0.37694652766550557,0.3769160504811434,0.376885567263625,0.37685507801802526,0.37682458274941794,0.3767940814628739,0.37676357416346157,0.3767330608562471,0.3767025415462939,0.3766720162386635,0.3766414849384151,0.3766109476506048,0.3765804043802874,0.3765498551325145,0.3765192999123354,0.37648873872479766,0.37645817157494565,0.37642759846782203,0.3763970194084664,0.3763664344019168,0.3763358434532084,0.37630524656737413,0.37627464374944464,0.3762440350044482,0.3762134203374103,0.37618279975335456,0.37615217325730216,0.3761215408542717,0.37609090254927996,0.37606025834734047,0.3760296082534655,0.3759989522726639,0.37596829040994284,0.37593762267030695,0.3759069490587585,0.37587626958029746,0.3758455842399214,0.3758148930426255,0.37578419599340274,0.3757534930972435,0.3757227843591359,0.3756920697840661,0.37566134937701745,0.37563062314297124,0.375599891086906,0.37556915321379836,0.3755384095286226,0.3755076600363505,0.37547690474195133,0.37544614365039236,0.37541537676663844,0.37538460409565194,0.3753538256423929,0.37532304141181905,0.37529225140888633,0.37526145563854746,0.37523065410575346,0.3751998468154524,0.37516903377259053,0.375138214982112,0.3751073904489582,0.37507656017806834,0.37504572417437915,0.37501488244282505,0.3749840349883382,0.3749531818158485,0.37492232293028355,0.37489145833656856,0.3748605880396268,0.37482971204437854,0.37479883035574224,0.3747679429786337,0.37473704991796636,0.37470615117865197,0.37467524676559943,0.37464433668371544,0.37461342093790445,0.37458249953306844,0.37455157247410714,0.3745206397659183,0.3744897014133966,0.37445875742143564,0.3744278077949254,0.3743968525387544,0.37436589165780837,0.37433492515697103,0.37430395304112374,0.37427297531514564,0.37424199198391367,0.374211003052302,0.3741800085251828,0.37414900840742565,0.3741180027038985,0.3740869914194666,0.3740559745589928,0.3740249521273379,0.3739939241293604,0.3739628905699161,0.3739318514538588,0.3739008067860403,0.3738697565713096,0.3738387008145139,0.3738076395204975,0.37377657269410314,0.37374550034017046,0.3737144224635378,0.37368333906904033,0.37365225016151143,0.373621155745782,0.3735900558266806,0.3735589504090339,0.3735278394976659,0.3734967230973985,0.37346560121305117,0.3734344738494415,0.37340334101138406,0.3733722027036921,0.3733410589311755,0.3733099096986429,0.3732787550109002,0.3732475948727511,0.37321642928899684,0.3731852582644369,0.3731540818038678,0.3731228999120841,0.3730917125938784,0.3730605198540406,0.3730293216973588,0.37299811812861833,0.3729669091526025,0.3729356947740921,0.3729044749978664,0.3728732498287015,0.3728420192713716,0.37281078333064915,0.3727795420113037,0.37274829531810255,0.37271704325581134,0.3726857858291925,0.3726545230430072,0.37262325490201387,0.37259198141096855,0.3725607025746255,0.37252941839773623,0.37249812888505035,0.37246683404131525,0.37243553387127565,0.37240422837967446,0.3723729175712523,0.37234160145074735,0.37231028002289557,0.3722789532924309,0.3722476212640847,0.37221628394258655,0.3721849413326633,0.37215359343903975,0.37212224026643864,0.3720908818195802,0.3720595181031829,0.37202814912196247,0.3719967748806324,0.37196539538390433,0.37193401063648723,0.37190262064308865,0.37187122540841305,0.37183982493716267,0.3718084192340382,0.3717770083037376,0.3717455921509567,0.3717141707803893,0.3716827441967265,0.37165131240465765,0.3716198754088698,0.37158843321404755,0.37155698582487334,0.37152553324602755,0.3714940754821883,0.3714626125380313,0.3714311444182308,0.3713996711274578,0.37136819267038157,0.371336709051669,0.37130522027598484,0.37127372634799233,0.3712422272723512,0.37121072305371977,0.3711792136967543,0.37114769920610824,0.37111617958643317,0.37108465484237874,0.37105312497859166,0.37102158999971707,0.370990049910398,0.3709585047152746,0.37092695441898554,0.3708953990261664,0.3708638385414515,0.37083227296947274,0.3708007023148598,0.37076912658223943,0.3707375457762369,0.37070595990147553,0.3706743689625762,0.37064277296415704,0.3706111719108348,0.3705795658072232,0.37054795465793455,0.3705163384675789,0.37048471724076326,0.37045309098209356,0.37042145969617296,0.3703898233876025,0.37035818206098114,0.37032653572090535,0.3702948843719699,0.3702632280187669,0.37023156666588664,0.370199900317917,0.3701682289794441,0.3701365526550512,0.37010487134931985,0.3700731850668298,0.3700414938121573,0.3700097975898777,0.36997809640456386,0.369946390260786,0.3699146791631128,0.36988296311611046,0.36985124212434284,0.3698195161923719,0.36978778532475765,0.36975604952605734,0.3697243088008264,0.3696925631536182,0.3696608125889838,0.3696290571114719,0.36959729672562947,0.3695655314360011,0.36953376124712917,0.3695019861635536,0.36947020618981263,0.3694384213304424,0.36940663158997655,0.3693748369729469,0.3693430374838824,0.36931123312731107,0.36927942390775736,0.36924760982974464,0.3692157908977938,0.36918396711642343,0.3691521384901499,0.3691203050234876,0.36908846672094936,0.3690566235870448,0.3690247756262818,0.36899292284316654,0.3689610652422026,0.3689292028278915,0.3688973356047326,0.3688654635772229,0.3688335867498577,0.36880170512713006,0.3687698187135307,0.3687379275135485,0.3687060315316697,0.3686741307723789,0.368642225240158,0.36861031493948765,0.3685783998748455,0.3685464800507073,0.3685145554715474,0.36848262614183663,0.3684506920660451,0.36841875324863976,0.3683868096940861,0.368354861406847,0.36832290839138365,0.3682909506521548,0.3682589881936169,0.36822702102022487,0.368195049136431,0.36816307254668557,0.368131091255437,0.3680991052671312,0.3680671145862123,0.368035119217122,0.36800311916429995,0.36797111443218394,0.3679391050252094,0.36790709094780993,0.3678750722044166,0.36784304879945867,0.367811020737363,0.3677789880225548,0.3677469506594567,0.3677149086524893,0.3676828620060714,0.36765081072461947,0.36761875481254797,0.3675866942742691,0.36755462911419307,0.3675225593367278,0.36749048494627945,0.3674584059472518,0.36742632234404665,0.36739423414106337,0.36736214134269995,0.3673300439533515,0.3672979419774116,0.3672658354192714,0.36723372428332024,0.367201608573945,0.3671694882955307,0.3671373634524599,0.3671052340491139,0.36707310008987115,0.36704096157910826,0.36700881852119965,0.366976670920518,0.36694451878143347,0.3669123621083141,0.36688020090552653,0.3668480351774342,0.3668158649283997,0.3667836901627824,0.3667515108849406,0.3667193270992298,0.3666871388100034,0.36665494602161364,0.3666227487384093,0.3665905469647378,0.3665583407049446,0.366526129963373,0.36649391474436416,0.36646169505225723,0.36642947089138944,0.3663972422660953,0.3663650091807079,0.3663327716395579,0.36630052964697407,0.36626828320728316,0.36623603232480956,0.3662037770038757,0.3661715172488022,0.3661392530639072,0.3661069844535075,0.36607471142191705,0.36604243397344804,0.36601015211241045,0.3659778658431127,0.36594557516986054,0.3659132800969578,0.3658809806287061,0.3658486767694058,0.3658163685233542,0.3657840558948473,0.3657517388881786,0.36571941750763953,0.3656870917575199,0.36565476164210686,0.3656224271656859,0.3655900883325404,0.36555774514695183,0.36552539761319897,0.36549304573555946,0.3654606895183082,0.3654283289657183,0.36539596408206104,0.3653635948716053,0.3653312213386179,0.36529884348736374,0.3652664613221056,0.3652340748471048,0.3652016840666195,0.3651692889849069,0.36513688960622154,0.365104485934816,0.3650720779749406,0.3650396657308444,0.36500724920677396,0.3649748284069735,0.36494240333568573,0.3649099739971507,0.364877540395607,0.3648451025352907,0.3648126604204367,0.364780214055277,0.36474776344404225,0.3647153085909599,0.36468284950025653,0.3646503861761564,0.3646179186228817,0.3645854468446521,0.3645529708456863,0.3645204906301999,0.3644880062024073,0.3644555175665201,0.3644230247267485,0.3643905276873008,0.3643580264523824,0.36432552102619753,0.3642930114129482,0.36426049761683416,0.3642279796420533,0.3641954574928012,0.36416293117327214,0.36413040068765773,0.3640978660401478,0.36406532723493024,0.36403278427619074,0.3640002371681128,0.3639676859148786,0.3639351305206679,0.36390257098965817,0.3638700073260253,0.36383743953394315,0.36380486761758324,0.3637722915811153,0.36373971142870676,0.3637071271645241,0.3636745387927302,0.36364194631748736,0.3636093497429549,0.36357674907329074,0.36354414431265014,0.3635115354651872,0.36347892253505365,0.3634463055263991,0.3634136844433712,0.36338105929011566,0.3633484300707761,0.3633157967894942,0.36328315945041034,0.3632505180576616,0.363217872615384,0.3631852231277111,0.36315256959877446,0.36311991203270416,0.36308725043362805,0.3630545848056717,0.363021915152959,0.3629892414796118,0.36295656378974966,0.36292388208749077,0.3628911963769507,0.3628585066622438,0.3628258129474816,0.3627931152367741,0.3627604135342292,0.3627277078439528,0.36269499817004897,0.3626622845166201,0.3626295668877654,0.3625968452875836,0.3625641197201703,0.36253139018962,0.3624986567000243,0.36246591925547345,0.36243317786005647,0.36240043251785886,0.36236768323296487,0.36233493000945693,0.36230217285141536,0.3622694117629184,0.3622366467480423,0.36220387781086166,0.3621711049554487,0.36213832818587377,0.36210554750620594,0.362072762920511,0.3620399744328542,0.362007182047298,0.36197438576790303,0.36194158559872786,0.3619087815438292,0.3618759736072617,0.3618431617930786,0.36181034610533064,0.3617775265480666,0.36174470312533324,0.36171187584117587,0.3616790446996375,0.36164620970475897,0.36161337086057976,0.3615805281711369,0.36154768164046575,0.3615148312725997,0.36148197707156976,0.36144911904140536,0.36141625718613407,0.3613833915097812,0.36135052201637063,0.36131764870992367,0.36128477159446015,0.3612518906739978,0.3612190059525525,0.3611861174341379,0.3611532251227661,0.36112032902244706,0.36108742913718866,0.361054525470997,0.36102161802787613,0.3609887068118283,0.36095579182685394,0.36092287307695126,0.3608899505661169,0.36085702429834515,0.36082409427762857,0.36079116050795756,0.3607582229933211,0.360725281737706,0.36069233674509693,0.36065938801947683,0.3606264355648265,0.360593479385125,0.3605605194843496,0.36052755586647556,0.3604945885354758,0.36046161749532185,0.3604286427499833,0.3603956643034274,0.36036268215962003,0.36032969632252454,0.3602967067961029,0.3602637135843146,0.36023071669111784,0.36019771612046836,0.3601647118763203,0.360131703962626,0.3600986923833355,0.36006567714239723,0.3600326582437575,0.35999963569136106,0.35996660948915016,0.3599335796410654,0.35990054615104605,0.3598675090230285,0.359834468260948,0.3598014238687374,0.35976837585032784,0.35973532420964854,0.3597022689506269,0.35966921007718844,0.3596361475932563,0.35960308150275266,0.3595700118095969,0.3595369385177069,0.3595038616309983,0.3594707811533854,0.35943769708878026,0.3594046094410932,0.35937151821423224,0.35933842341210387,0.3593053250386127,0.3592722230976616,0.359239117593151,0.3592060085289797,0.359172895909045,0.35913977973724154,0.3591066600174626,0.3590735367535994,0.3590404099495413,0.35900727960917633,0.3589741457363895,0.3589410083350647,0.3589078674090839,0.35887472296232675,0.35884157499867153,0.35880842352199444,0.35877526853616964,0.3587421100450698,0.35870894805256526,0.3586757825625249,0.35864261357881505,0.3586094411053011,0.3585762651458458,0.3585430857043104,0.35850990278455414,0.3584767163904344,0.3584435265258064,0.35841033319452403,0.3583771364004393,0.35834393614740173,0.35831073243925954,0.3582775252798587,0.3582443146730435,0.35821110062265643,0.3581778831325381,0.35814466220652724,0.35811143784846067,0.3580782100621732,0.3580449788514979,0.3580117442202658,0.3579785061723066,0.3579452647114475,0.35791201984151433,0.3578787715663308,0.35784551988971863,0.35781226481549794,0.35777900634748694,0.35774574448950197,0.3577124792453579,0.3576792106188664,0.3576459386138389,0.3576126632340838,0.35757938448340865,0.35754610236561846,0.35751281688451636,0.35747952804390415,0.35744623584758123,0.3574129402993455,0.3573796414029924,0.3573463391623168,0.3573130335811101,0.35727972466316327,0.3572464124122645,0.3572130968322008,0.357179777926757,0.3571464556997158,0.35711313015485835,0.3570798012959641,0.35704646912681043,0.35701313365117326,0.356979794872826,0.3569464527955404,0.356913107423087,0.35687975875923394,0.35684640680774754,0.35681305157239246,0.35677969305693147,0.35674633126512517,0.35671296620073273,0.35667959786751163,0.3566462262692176,0.3566128514096036,0.35657947329242184,0.3565460919214216,0.3565127073003515,0.35647931943295763,0.3564459283229847,0.356412533974175,0.3563791363902692,0.3563457355750065,0.3563123315321237,0.3562789242653561,0.35624551377843755,0.35621210007509974,0.3561786831590723,0.3561452630340831,0.35611183970385835,0.35607841317212263,0.3560449834425982,0.356011550519006,0.3559781144050647,0.3559446751044916,0.3559112326210022,0.355877786958309,0.35584433812012456,0.3558108861101585,0.3557774309321189,0.3557439725897119,0.35571051108664153,0.35567704642661074,0.35564357861332024,0.3556101076504687,0.35557663354175373,0.3555431562908704,0.3555096759015122,0.3554761923773711,0.3554427057221365,0.355409215939497,0.35537572303313875,0.3553422270067463,0.3553087278640024,0.35527522560858765,0.3552417202441814,0.35520821177446055,0.3551747002031013,0.3551411855337768,0.3551076677701593,0.35507414691591876,0.35504062297472355,0.3550070959502397,0.3549735658461323,0.3549400326660645,0.35490649641369726,0.3548729570926898,0.35483941470669955,0.35480586925938257,0.35477232075439247,0.3547387691953817,0.3547052145860004,0.35467165692989755,0.3546380962307197,0.3546045324921117,0.3545709657177168,0.3545373959111766,0.3545038230761306,0.354470247216217,0.35443666833507165,0.35440308643632873,0.35436950152362084,0.3543359136005788,0.35430232267083156,0.3542687287380065,0.35423513180572874,0.3542015318776217,0.3541679289573077,0.35413432304840653,0.3541007141545365,0.35406710227931437,0.3540334874263545,0.35399986959927027,0.35396624880167266,0.35393262503717093,0.35389899830937305,0.3538653686218845,0.35383173597831,0.3537981003822515,0.35376446183730953,0.3537308203470831,0.3536971759151691,0.3536635285451625,0.35362987824065717,0.3535962250052448,0.35356256884251536,0.35352890975605733,0.35349524774945673,0.3534615828262987,0.35342791499016557,0.35339424424463906,0.3533605705932981,0.35332689403972073,0.3532932145874826,0.35325953224015794,0.35322584700131937,0.35319215887453714,0.35315846786338034,0.35312477397141595,0.35309107720220906,0.3530573775593238,0.3530236750463216,0.35298996966676294,0.352956261424206,0.3529225503222072,0.3528888363643216,0.3528551195541021,0.35282139989510025,0.3527876773908656,0.352753952044946,0.3527202238608878,0.3526864928422351,0.3526527589925304,0.35261902231531483,0.3525852828141272,0.3525515404925056,0.3525177953539851,0.35248404740209976,0.35245029664038163,0.3524165430723613,0.3523827867015673,0.3523490275315265,0.35231526556576465,0.3522815008078049,0.35224773326116915,0.3522139629293771,0.35218018981594706,0.35214641392439594,0.35211263525823844,0.35207885382098747,0.3520450696161543,0.3520112826472486,0.3519774929177783,0.35194370043124973,0.3519099051911673,0.3518761072010336,0.35184230646434933,0.351808502984614,0.3517746967653251,0.3517408878099786,0.35170707612206836,0.35167326170508695,0.3516394445625247,0.35160562469787093,0.35157180211461275,0.3515379768162353,0.3515041488062225,0.35147031808805645,0.35143648466521715,0.3514026485411832,0.35136880971943213,0.3513349682034386,0.35130112399667573,0.3512672771026156,0.35123342752472825,0.35119957526648177,0.351165720331343,0.35113186272277697,0.3510980024442468,0.35106413949921395,0.35103027389113783,0.35099640562347684,0.350962534699687,0.35092866112322324,0.3508947848975383,0.3508609060260836,0.3508270245123085,0.35079314035966097,0.35075925357158694,0.35072536415153055,0.35069147210293483,0.35065757742924075,0.35062368013388745,0.35058978022031273,0.3505558776919524,0.3505219725522407,0.3504880648046099,0.35045415445249084,0.3504202414993128,0.3503863259485031,0.3503524078034876,0.35031848706768987,0.3502845637445328,0.3502506378374365,0.35021670934982,0.35018277828510097,0.35014884464669443,0.3501149084380149,0.350080969662474,0.3500470283234822,0.3500130844244484,0.3499791379687796,0.34994518895988147,0.3499112374011576,0.34987728329600987,0.34984332664783885,0.3498093674600432,0.34977540573602006,0.34974144147916447,0.3497074746928701,0.3496735053805291,0.3496395335455317,0.3496055591912662,0.34957158232111973,0.3495376029384776,0.3495036210467231,0.3494696366492385,0.34943564974940355,0.3494016603505972,0.34936766845619593,0.3493336740695752,0.3492996771941086,0.34926567783316753,0.34923167599012256,0.3491976716683418,0.3491636648711922,0.34912965560203907,0.3490956438642456,0.34906162966117404,0.3490276129961841,0.34899359387263473,0.34895957229388225,0.3489255482632819,0.3488915217841872,0.34885749285994994,0.34882346149392046,0.3487894276894467,0.3487553914498764,0.3487213527785541,0.3486873116788234,0.34865326815402625,0.34861922220750274,0.34858517384259174,0.3485511230626294,0.3485170698709513,0.3484830142708909,0.3484489562657802,0.3484148958589494,0.3483808330537273,0.3483467678534407,0.3483127002614146,0.34827863028097267,0.3482445579154371,0.3482104831681283,0.34817640604236477,0.3481423265414635,0.34810824466874,0.3480741604275079,0.3480400738210794,0.34800598485276474,0.3479718935258731,0.34793779984371104,0.3479037038095842,0.3478696054267969,0.34783550469865065,0.3478014016284466,0.3477672962194833,0.347733188475058,0.347699078398467,0.34766496599300367,0.3476308512619604,0.34759673420862786,0.34756261483629564,0.3475284931482507,0.3474943691477791,0.3474602428381649,0.34742611422269054,0.3473919833046372,0.3473578500872836,0.3473237145739079,0.347289576767786,0.34725543667219233,0.34722129429039955,0.34718714962567865,0.3471530026812992,0.3471188534605291,0.34708470196663455,0.34705054820288006,0.34701639217252883,0.34698223387884175,0.346948073325079,0.3469139105144984,0.3468797454503566,0.34684557813590844,0.3468114085744069,0.34677723676910377,0.3467430627232491,0.34670888644009107,0.3466747079228765,0.3466405271748506,0.3466063441992567,0.3465721589993367,0.3465379715783307,0.3465037819394778,0.34646959008601497,0.3464353960211773,0.3464011997481989,0.34636700127031167,0.3463328005907461,0.3462985977127318,0.3462643926394954,0.34623018537426303,0.34619597592025886,0.34616176428070516,0.34612755045882276,0.34609333445783125,0.34605911628094776,0.3460248959313893,0.34599067341236966,0.34595644872710174,0.3459222218787971,0.3458879928706651,0.34585376170591414,0.34581952838775026,0.3457852929193787,0.3457510553040027,0.3457168155448236,0.34568257364504174,0.34564832960785535,0.3456140834364615,0.3455798351340552,0.3455455847038301,0.3455113321489783,0.34547707747269063,0.34544282067815574,0.3454085617685605,0.3453743007470909,0.34534003761693094,0.34530577238126314,0.3452715050432685,0.3452372356061264,0.34520296407301443,0.34516869044710863,0.3451344147315834,0.3451001369296118,0.3450658570443653,0.34503157507901344,0.3449972910367248,0.3449630049206657,0.34492871673400116,0.34489442647989477,0.34486013416150796,0.34482583978200126,0.3447915433445333,0.3447572448522612,0.34472294430834044,0.34468864171592484,0.3446543370781669,0.3446200303982175,0.34458572167922547,0.3445514109243385,0.34451709813670284,0.3444827833194627,0.34444846647576133,0.34441414760873956,0.34437982672153733,0.34434550381729295,0.34431117889914264,0.3442768519702216,0.3442425230336631,0.3442081920925992,0.3441738591501601,0.3441395242094747,0.34410518727367,0.34407084834587165,0.3440365074292036,0.34400216452678833,0.3439678196417466,0.3439334727771978,0.34389912393625954,0.3438647731220482,0.34383042033767824,0.34379606558626274,0.34376170887091306,0.3437273501947393,0.3436929895608499,0.3436586269723516,0.3436242624323496,0.34358989594394745,0.34355552751024726,0.3435211571343499,0.3434867848193541,0.3434524105683573,0.3434180343844555,0.34338365627074285,0.34334927623031264,0.34331489426625544,0.3432805103816614,0.34324612457961845,0.34321173686321316,0.34317734723553045,0.3431429556996538,0.3431085622586652,0.34307416691564485,0.34303976967367183,0.34300537053582314,0.34297096950517464,0.3429365665848007,0.3429021617777734,0.34286775508716405,0.3428333465160424,0.342798936067476,0.34276452374453215,0.34273010955027483,0.3426956934877677,0.3426612755600726,0.3426268557702496,0.34259243412135776,0.3425580106164539,0.3425235852585937,0.34248915805083163,0.34245472899622,0.34242029809780994,0.342385865358651,0.34235143078179103,0.3423169943702762,0.3422825561271517,0.3422481160554606,0.34221367415824505,0.34217923043854565,0.3421447848994004,0.342110337543847,0.34207588837492064,0.34204143739565596,0.34200698460908546,0.34197253001823996,0.34193807362614936,0.3419036154358416,0.3418691554503433,0.34183469367267927,0.3418002301058729,0.3417657647529465,0.3417312976169201,0.34169682870081286,0.34166235800764194,0.34162788554042334,0.34159341130217125,0.34155893529589837,0.3415244575246166,0.341489977991335,0.34145549669906183,0.341421013650804,0.3413865288495668,0.34135204229835375,0.341317554000167,0.34128306395800734,0.34124857217487387,0.34121407865376385,0.3411795833976739,0.3411450864095985,0.3411105876925302,0.3410760872494612,0.3410415850833813,0.34100708119727896,0.34097257559414146,0.34093806827695405,0.34090355924870086,0.3408690485123642,0.34083453607092534,0.3408000219273637,0.34076550608465694,0.3407309885457819,0.34069646931371345,0.3406619483914252,0.3406274257818888,0.34059290148807486,0.3405583755129521,0.3405238478594884,0.34048931853064923,0.34045478752939917,0.34042025485870114,0.3403857205215167,0.3403511845208059,0.3403166468595273,0.3402821075406372,0.34024756656709154,0.340213023941844,0.3401784796678474,0.3401439337480524,0.3401093861854084,0.34007483698286395,0.3400402861433651,0.34000573366985654,0.33997117956528206,0.33993662383258355,0.3399020664747019,0.33986750749457584,0.33983294689514276,0.3397983846793388,0.33976382085009854,0.339729255410355,0.3396946883630399,0.3396601197110834,0.33962554945741374,0.33959097760495827,0.33955640415664234,0.33952182911539025,0.339487252484125,0.33945267426576714,0.33941809446323706,0.3393835130794526
0.0,0.0,0.0,0.0,0.0,0.0,0.0,0.0,0.0,0.0,0.0,0.0,0.0,0.0,0.0,0.0,0.0,0.0,0.0,0.0,0.0,0.0,0.0,0.0,0.0,0.0,0.0,0.0,0.0,0.0,0.0,0.0,0.0,0.0,0.0,0.0,0.0,0.0,0.0,0.0,0.0,0.0,0.0,0.0,0.0,0.0,0.0,0.0,0.0,0.0,0.0,0.0,0.0,0.0,0.0,0.0,0.0,0.0,0.0,0.0,0.0,0.0,0.0,0.0,0.0,0.0,0.0,0.0,0.0,0.0,0.0,0.0,0.0,0.0,0.0,0.0,0.0,0.0,0.0,0.0,0.0,0.0,0.0,0.0,0.0,0.0,0.0,0.0,0.0,0.0,0.0,0.0,0.0,0.0,0.0,0.0,0.0,0.0,0.0,0.0,0.0,0.0,0.0,0.0,0.0,0.0,0.0,0.0,0.0,0.0,0.0,0.0,0.0,0.0,0.0,0.0,0.0,0.0,0.0,0.0,0.0,0.0,0.0,0.0,0.0,0.0,0.0,0.0,0.0,0.0,0.0,0.0,0.0,0.0,0.0,0.0,0.0,0.0,0.0,0.0,0.0,0.0,0.0,0.0,0.0,0.0,0.0,0.0,0.0,0.0,0.0,0.0,0.0,0.0,0.0,0.0,0.0,0.0,0.0,0.0,0.0,0.0,0.0,0.0,0.0,0.0,0.0,0.0,0.0,0.0,0.0,0.0,0.0,0.0,0.0,0.0,0.0,0.0,0.0,0.0,0.0,0.0,0.0,0.0,0.0,0.0,0.0,0.0,0.0,0.0,0.0,0.0,0.0,0.0,0.0,0.0,0.0,0.0,0.0,0.0,0.0,0.0,0.0,0.0,0.0,0.0,0.0,0.0,0.0,0.0,0.0,0.0,0.0,0.0,0.0,0.0,0.0,0.0,0.0,0.0,0.0,0.0,0.0,0.0,0.0,0.0,0.0,0.0,0.0,0.0,0.0,0.0,0.0,0.0,0.0,0.0,0.0,0.0,0.0,0.0,0.0,0.0,0.0,0.0,0.0,0.0,0.0,0.0,0.0,0.0,0.0,0.0,0.0,0.0,0.0,0.0,0.0,0.0,0.0,0.0,0.0,0.0,0.0,0.0,0.0,0.0,0.0,0.0,0.0,0.0,0.0,0.0,0.0,0.0,0.0,0.0,0.0,0.0,0.0,0.0,0.0,0.0,0.0,0.0,0.0,0.0,0.0,0.0,0.0,0.0,0.0,0.0,0.0,0.0,0.0,0.0,0.0,0.0,0.0,0.0,0.0,0.0,0.0,0.0,0.0,0.0,0.0,0.0,0.0,0.0,0.0,0.0,0.0,0.0,0.0,0.0,0.0,0.0,0.0,0.0,0.0,0.0,0.0,0.0,0.0,0.0,0.0,0.0,0.0,0.0,0.0,0.0,0.0,0.0,0.0,0.0,0.0,0.0,0.0,0.0,0.0,0.0,0.0,0.0,0.0,0.0,0.0,0.0,0.0,0.0,0.0,0.0,0.0,0.0,0.0,0.0,0.0,0.0,0.0,0.0,0.0,0.0,0.0,0.0,0.0,0.0,0.0,0.0,0.0,0.0,0.0,0.0,0.0,0.0,0.0,0.0,0.0,0.0,0.0,0.0,0.0,0.0,0.0,0.0,0.0,0.0,0.0,0.0,0.0,0.0,0.0,0.0,0.0,0.0,0.0,0.0,0.0,0.0,0.0,0.0,0.0,0.0,0.0,0.0,0.0,0.0,0.0,0.0,0.0,0.0,0.0,0.0,0.0,0.0,0.0,0.0,0.0,0.0,0.0,0.0,0.0,0.0,0.0,0.0,0.0,0.0,0.0,0.0,0.0,0.0,0.0,0.0,0.0,0.0,0.0,0.0,0.0,0.0,0.0,0.0,0.0,0.0,0.0,0.0,0.0,0.0,0.0,0.0,0.0,0.0,0.0,0.0,0.0,0.0,0.0,0.0,0.0,0.0,0.0,0.0,0.0,0.0,0.0,0.0,0.0,0.0,0.0,0.0,0.0,0.0,0.0,0.0,0.0,0.0,0.0,0.0,0.0,0.0,0.0,0.0,0.0,0.0,0.0,0.0,0.0,0.0,0.0,0.0,0.0,0.0,0.0,0.0,0.0,0.0,0.0,0.0,0.0,0.0,0.0,0.0,0.0,0.0,0.0,0.0,0.0,0.0,0.0,0.0,0.0,0.0,0.0,0.0,0.0,0.0,0.0,0.0,0.0,0.0,0.0,0.0,0.0,0.0,0.0,0.0,0.0,0.0,0.0,0.0,0.0,0.0,0.0,0.0,0.0,0.0,0.0,0.0,0.0,0.0,0.0,0.0,0.0,0.0,0.0,0.0,0.0,0.0,0.0,0.0,0.0,0.0,0.0,0.0,0.0,0.0,0.0,0.0,0.0,0.0,0.0,0.0,0.0,0.0,0.0,0.0,0.0,0.0,0.0,0.0,0.0,0.0,0.0,0.0,0.0,0.0,0.0,0.0,0.0,0.0,0.0,0.0,0.0,0.0,0.0,0.0,0.0,0.0,0.0,0.0,0.0,0.0,0.0,0.0,0.0,0.0,0.0,0.0,0.0,0.0,0.0,0.0,0.0,0.0,0.0,0.0,0.0,0.0,0.0,0.0,0.0,0.0,0.0,0.0,0.0,0.0,0.0,0.0,0.0,0.0,0.0,0.0,0.0,0.0,0.0,0.0,0.0,0.0,0.0,0.0,0.0,0.0,0.0,0.0,0.0,0.0,0.0,0.0,0.0,0.0,0.0,0.0,0.0,0.0,0.0,0.0,0.0,0.0,0.0,0.0,0.0,0.0,0.0,0.0,0.0,0.0,0.0,0.0,0.0,0.0,0.0,0.0,0.0,0.0,0.0,0.0,0.0,0.0,0.0,0.0,0.0,0.0,0.0,0.0,0.0,0.0,0.0,0.0,0.0,0.0,0.0,0.0,0.0,0.0,0.0,0.0,0.0,0.0,0.0,0.0,0.0,0.0,0.0,0.0,0.0,0.0,0.0,0.0,0.0,0.0,0.0,0.0,0.0,0.0,0.0,0.0,0.0,0.0,0.0,0.0,0.0,0.0,0.0,0.0,0.0,0.0,0.0,0.0,0.0,0.0,0.0,0.0,0.0,0.0,0.0,0.0,0.0,0.0,0.0,0.0,0.0,0.0,0.0,0.0,0.0,0.0,0.0,0.0,0.0,0.0,0.0,0.0,0.0,0.0,0.0,0.0,0.0,0.0,0.0,0.0,0.0,0.0,0.0,0.0,0.0,0.0,0.0,0.0,0.0,0.0,0.0,0.0,0.0,0.0,0.0,0.0,0.0,0.0,0.0,0.0,0.0,0.0,0.0,0.0,0.0,0.0,0.0,0.0,0.0,0.0,0.0,0.0,0.0,0.0,0.0,0.0,0.0,0.0,0.0,0.0,0.0,0.0,0.0,0.0,0.0,0.0,0.0,0.0,0.0,0.0,0.0,0.0,0.0,0.0,0.0,0.0,0.0,0.0,0.0,0.0,0.0,0.0,0.0,0.0,0.0,0.0,0.0,0.0,0.0,0.0,0.0,0.0,0.0,0.0,0.0,0.0,0.0,0.0,0.0,0.0,0.0,0.0,0.0,0.0,0.0,0.0,0.0,0.0,0.0,0.0,0.0,0.0,0.0,0.0,0.0,0.0,0.0,0.0,0.0,0.0,0.0,0.0,0.0,0.0,0.0,0.0,0.0,0.0,0.0,0.0,0.0,0.0,0.0,0.0,0.0,0.0,0.0,0.0,0.0,0.0,0.0,0.0,0.0,0.0,0.0,0.0,0.0,0.0,0.0,0.0,0.0,0.0,0.0,0.0,0.0,0.0,0.0,0.0,0.0,0.0,0.0,0.0,0.0,0.0,0.0,0.0,0.0,0.0,0.0,0.0,0.0,0.0,0.0,0.0,0.0,0.0,0.0,0.0,0.0,0.0,0.0,0.0,0.0,0.0,0.0,0.0,0.0,0.0,0.0,0.0,0.0,0.0,0.0,0.0,0.0,0.0,0.0,0.0,0.0,0.0,0.0,0.0,0.0,0.0,0.0,0.0,0.0,0.0,0.0,0.0,0.0,0.0,0.0,0.0,0.0,0.0,0.0,0.0,0.0,0.0,0.0,0.0,0.0,0.0,0.0,0.0,0.0,0.0,0.0,0.0,0.0,0.0,0.0,0.0,0.0,0.0,0.0,0.0,0.0,0.0,0.0,0.0,0.0,0.0,0.0,0.0,0.0,0.0,0.0,0.0,0.0,0.0,0.0,0.0,0.0,0.0,0.0,0.0,0.0,0.0,0.0,0.0,0.0,0.0,0.0,0.0,0.0,0.0,0.0,0.0,0.0,0.0,0.0,0.0,0.0,0.0,0.0,0.0,0.0,0.0,0.0,0.0,0.0,0.0,0.0,0.0,0.0,0.0,0.0,0.0,0.0,0.0,0.0,0.0,0.0,0.0,0.0,0.0,0.0,0.0,0.0,0.0,0.0,0.0,0.0,0.0,0.0,0.0,0.0,0.0,0.0,0.0,0.0,0.0,0.0,0.0,0.0,0.0,0.0,0.0,0.0,0.0,0.0,0.0,0.0,0.0,0.0,0.0,0.0,0.0,0.0,0.0,0.0,0.0,0.0,0.0,0.0,0.0,0.0,0.0,0.0,0.0,0.0,0.0,0.0,0.0,0.0,0.0,0.0,0.0,0.0,0.0,0.0,0.0,0.0,0.0,0.0,0.0,0.0,0.0,0.0,0.0,0.0,0.0,0.0,0.0,0.0,0.0,0.0,0.0,0.0,0.0,0.0,0.0,0.0,0.0,0.0,0.0,0.0,0.0,0.0,0.0,0.0,0.0,0.0,0.0,0.0,0.0,0.0,0.0,0.0,0.0,0.0,0.0,0.0,0.0,0.0,0.0,0.0,0.0,0.0,0.0,0.0,0.0,0.0,0.0,0.0,0.0,0.0,0.0,0.0,0.0,0.0,0.0,0.0,0.0,0.0,0.0,0.0,0.0,0.0,0.0,0.0,0.0,0.0,0.0,0.0,0.0,0.0,0.0,0.0,0.0,0.0,0.0,0.0,0.0,0.0,0.0,0.0,0.0,0.0,0.0,0.0,0.0,0.0,0.0,0.0,0.0,0.0,0.0,0.0,0.0,0.0,0.0,0.0,0.0,0.0,0.0,0.0,0.0,0.0,0.0,0.0,0.0,0.0,0.0,0.0,0.0,0.0,0.0,0.0,0.0,0.0,1.8190263088483523e-12,2.973074567732145e-11,1.5097417490422252e-10,4.749809226825154e-10,1.1490247975902755e-09,2.354153093102851e-09,4.301431335437164e-09,7.2284873449816e-09,1.1396332485682647e-08,1.7086439581751766e-08,2.459805847016091e-08,3.424575153897146e-08,4.635713288334371e-08,6.127079590029994e-08,7.933441524664082e-08,1.0090301010803717e-07,1.2633735667698814e-07,1.560025386183859e-07,1.9026662511880723e-07,2.2949946687395288e-07,2.740716010721476e-07,3.243532570844387e-07,3.8071345517726977e-07,4.4351919112535804e-07,5.131347001234244e-07,5.899207938787629e-07,6.742342652149772e-07,7.664273549331254e-07,8.668472760623067e-07,9.758357909895615e-07,1.093728837290922e-06,1.220856198393312e-06,1.357541215482567e-06,1.5041005373377426e-06,1.6608439050175033e-06,1.8280739685522546e-06,2.0060861330069577e-06,2.195168431475559e-06,2.395601422749691e-06,2.607658111572793e-06,2.831603889547149e-06,3.067696494906151e-06,3.3161859894985666e-06,3.577314751456086e-06,3.851317482130962e-06,4.138421225997674e-06,4.438845402311729e-06,4.7528018474108585e-06,5.080494866629072e-06,5.4221212948731754e-06,5.777870564984541e-06,6.147924783076991e-06,6.532458810104407e-06,6.931640348970151e-06,7.345630036544332e-06,7.774581540005035e-06,8.218641656966018e-06,8.67795041889628e-06,9.152641197376878e-06,9.642840937870009e-06,1.0148678000188602e-05,1.0670284482797782e-05,1.120782760302881e-05,1.1761523954456688e-05,1.2331614870330218e-05,1.291836921186962e-05,1.3522079771604934e-05,1.4143059972782965e-05,1.4781640842777203e-05,1.5438168240039244e-05,1.6113000315618327e-05,1.6806505191655996e-05,1.7519058840544016e-05,1.8251043149621454e-05,1.9002844157389595e-05,1.977485044824593e-05,2.056745169368694e-05,2.1381037328810023e-05,2.2215995353760673e-05,2.3072711250529354e-05,2.39515670062042e-05,2.485294023443807e-05,2.5777203387492856e-05,2.6724723051784743e-05,2.769585932037436e-05,2.86909652363283e-05,2.9710386301326077e-05,3.0754460044301696e-05,3.182351564529382e-05,3.291787361003621e-05,3.403784549115066e-05,3.518373365211191e-05,3.635583107043981e-05,3.7554421176836354e-05,3.877977772723214e-05,4.0032164704932715e-05,4.131183625026616e-05,4.261903661532909e-05,4.395400014160832e-05,4.531695125842479e-05,4.670810450030042e-05,4.812766454149382e-05,4.9575826246084984e-05,5.105277473211104e-05,5.25586854483733e-05,5.409372426263875e-05,5.5658047560060804e-05,5.7251802350734156e-05,5.887512638538332e-05,6.052814827826342e-05,6.221098763642483e-05,6.39237551945593e-05,6.566655295471003e-05,6.743947433018265e-05,6.924260429305137e-05,7.107601952470102e-05,7.293978856889318e-05,7.48339719868871e-05,7.675862251418491e-05,7.8713785462962e-05,8.069951243154528e-05,8.27158454329999e-05,8.476286062490997e-05,8.68406951570501e-05,8.89495037267082e-05,9.108946771469425e-05,9.326079163029299e-05,9.546369985127348e-05,9.769843363690947e-05,9.996524839357074e-05,0.00010226441117393014,0.00010459619839221276,0.00010696089373919544,0.00010935878628184964,0.00011179016873362523,0.00011425533588239425,0.00011675458316402197,0.00011928820537041226,0.0001218564954816915,0.0001244597436129502,0.00012709823606666662,0.00012977225448258537,0.0001324820750774311,0.00013522796796739458,0.0001380101965668512,0.0001408290170572537,0.00014368467792058668,0.00014657741953218642,0.00014950747380811495,0.00015247506390263265,0.0001554804039516458,0.00015852369885831149,0.00016160514411726749,0.00016472492567421994,0.00016788321981786163,0.0001710801931013283,0.0001743160022906019,0.0001775907943374737,0.00018090470637485367,0.00018425786573238415,0.00018765038997047102,0.00019108238693098736,0.0001945539548030426,0.0001980651822023275,0.00020161614826266669,0.00020520692273851305,0.0002088375661172163,0.00021250812973999114,0.0002162186559305967,0.00021996917813081043,0.0002237597210418612,0.00022759030077104737,0.00023146092498282838,0.0002353715930537408,0.00023932229623053528,0.0002433130177909886,0.00024734373320688504,0.00025141441030870573,0.00025552500945160225,0.0002596754840008897,0.0002638658134850865,0.0002680959130462384,0.0002723657800277992,0.00027667546495074364,0.0002810250324099743,0.00028541457409010185,0.00028984420521718134,0.0002943140613052322,0.00029882429517549895,0.00030337507422802026,0.0003079665779465617,0.00031259899561933673,0.00031727252425923683,0.00032198736670846533,0.000326743729913581,0.00033154182335797547,0.0003363818576397544,0.00034126404318387984,0.0003461885890782394,0.00035115570202406716,0.00035616558539184744,0.00036121843837447746,0.00036631445523007343,0.00037145382460736573,0.00037663672894714474,0.0003818633439537009,0.00038713383813066004,0.0003924483723760112,0.0003978070996315285,0.0004032101645821311,0.00040865770340106275,0.0004141498435370775,0.0004196867035401048,0.00042526839292212617,0.00043089501205024555,0.0004365666520691609,0.00044228339485045053,0.0004480453129662898,0.0004538524696853906,0.00045970491898912223,0.0004656027056059306,0.0004715458650623176,0.0004775344237487701,0.0004835683989991594,0.0004896477991822399,0.0004957726238039876,0.0005019428636196145,0.0005081585007541831,0.0005144195088308396,0.0005207258531057481,0.0005270774906088986,0.000533474370290011,0.0005399164331688309,0.0005464036124891664,0.0005529358338760696,0.0005595130154956164,0.0005661350682167804,0.0005728018957749454,0.0005795133949366333,0.0005862694560206523,0.0005930699811878741,0.0005999148548789494,0.0006068039942587641,0.0006137373907337931,0.0006207150483197336,0.0006277369986179583,0.000634803297265527,0.0006419140206799269,0.0006490692630765114,0.000656269133738193,0.0006635137545184578,0.0006708032575601215,0.0006781377832135553,0.0006855174781392722,0.0006929424935808843,0.0007004129837954567,0.0007079291046292293,0.000715491012227561,0.000723098861868773,0.0007307528069123101,0.0007384529978523493,0.0007461995814686443,0.0007539927000669852,0.000761832490802215,0.0007697190850772748,0.0007776526080122214,0.0007856331779776094,0.0007936609061870544,0.0008017358963441589,0.000809858244339365,0.0008180280379926002,0.0008262453568379185,0.0008345102719465989,0.0008428228457854455,0.0008511831321072597,0.0008595911758707049,0.0008680470131869719,0.0008765506712908618,0.0008851021685340807,0.0008937015143987067,0.0009023487095289445,0.0009110437457794309,0.0009197866062784844,0.0009285772655048158,0.0009374156893763369,0.0009463018353497931,0.0009552356525300762,0.0009642170817881304,0.0009732460558864714,0.000982322499611408,0.0009914463299111281,0.0010006174560388875,0.001009835779700582,0.0010191011952060648,0.0010284135896236068,0.0010377728429369576,0.0010471788282044976,0.001056631411720033,0.0010661304531748093,0.001075675806189661,0.0010852673188073607,0.0010949048756873864,0.001104588339176815,0.0011143176661063104,0.0011240928255576723,0.001133913814545758,0.001143780654465812,0.001153693387835534,0.0011636520753098465,0.0011736567929479266,0.0011837076297135604,0.0011938046851912582,0.0012039480675018362,0.0012141378914023696,0.001224374276556532,0.0012346573459623275,0.0012449872245252102,0.0012553640377654298,0.0012657879106492916,0.0012762589665347346,0.0012867773262223777,0.0012973431071038064,0.0013079564223994796,0.0013186173804792163,0.0013293260842587179,0.0013400826306660626,0.0013508871101725935,0.0013617396063829842,0.0013726401956796874,0.001383588946917322,0.00139458592116286,0.0014056311714778238,0.0014167247427389568,0.001427866671494099,0.0014390569858502603,0.0014502957053910825,0.0014615828411211292,0.0014729183954346027,0.00148430236210628,0.0014957347263026355,0.001507215464611277,0.0015187445450869285,0.001530321927312377,0.0015419475624729006,0.0015536213934427983,0.001565343354882766,0.0015771133733469614,0.0015889313673986705,0.0016007972477336161,0.00161271091730997,0.0016246722714842504,0.0016366811981523286,0.0016487375778948437,0.0016608412841263647,0.0016729921832477224,0.001685190134800946,0.0016974349916263072,0.001709726600021029,0.001722064799899215,0.0017344494253226795,0.0017468803234302701,0.0017593573228455728,0.0017718802854405275,0.0017844491493686481,0.001797063865208004,0.001809724411675029,0.0018224307920698952,0.0018351830310166194,0.0018479811714759015,0.001860825272010235,0.0018737154042823597,0.001886651650769476,0.0018996341026769534,0.0019126628580364206,0.0019257380199742525,0.0019388596951374689,0.0019520279922650317,0.0019652430208933866,0.0019785048901859266,0.0019918137078767913,0.0020051695793201424,0.0020185726066367137,0.002032022887949969,0.002045520516704869,0.0020590655810626816,0.0020726581633657834,0.0020862983396668657,0.0020999861793173317,0.0021137217446100904,0.0021275050904722963,0.002141336264203922,0.0021552153052583297,0.002169142245061342,0.0021831171068655395,0.0021971399056367534,0.0022112106479699628,0.0022253293320320436,0.0022394959475289513,0.002253710475695127,0.0022679728893031307,0.0022822831526915573,0.0022966412218095554,0.0023110470442762932,0.0023255005594539423,0.0023400016985327516,0.0023545503846269917,0.002369146532880609,0.002383790050581484,0.0023984808372833418,0.0024132187849343813,0.002428003778011806,0.002442835693661477,0.0024577144018419804,0.0024726397654724524,0.002487611640583591,0.002502629876471288,0.002517694315852371,0.0025328047950220313,0.0025479611440124756,0.002563163187116572,0.0025784107433976158,0.0025937036685171784,0.0026090417971424526,0.002624425057772455,0.002639853391798497,0.0026553267688617824,0.0026708451832976013,0.002686408650874271,0.0027020172058048126,0.0027176708980109028,0.002733369790620197,0.0027491139576794154,0.002764903482066926,0.0027807384535897405,0.0027966189672508908,0.0028125451216742554,0.0028285170176747696,0.00284453475696291,0.0028605984409730946,0.002876708169806444,0.0028928640412790303,0.002909066150067378,0.0029253145869436287,0.0029416094380932964,0.0029579507845090744,0.002974338701454667,0.0029907732579930084,0.00300725451657369,0.00302378253267481,0.0030403573544947587,0.0030569790226898453,0.003073647570153951,0.0030903630218366797,0.0031071253945967373,0.0031239346970875254,0.003140790929672156,0.003157694084365294,0.0031746441447994883,0.0031916410862137,0.003208684875462072,0.003225775471041012,0.0032429128231328532,0.0032600968736645106,0.0032773275563796125,0.0032946047969227756,0.0033119285129347507,0.003329298614157256,0.0033467150025464558,0.0033641775723940877,0.003381686210455325,0.003399240796082525,0.00341684120136413,0.0034344872912679828,0.003452178923788408,0.0034699159500964864,0.003487698214692962,0.003505525555563266,0.003523397804334215,0.0035413147864319706,0.0035592763215958217,0.0035772822244281334,0.00359533234565325,0.003613426516568281,0.0036315646608745776,0.003649746715716929,0.003667972646547601,0.0036862424435698767,0.0037045561184763653,0.0037229137014600138,0.0037413152384774685,0.003759760788745745,0.003778250422454705,0.003796784218679041,0.003815362263474652,0.0038339846481454352,0.0038526514676675153,0.0038713628192588736,0.0038901188010832493,0.0039089195110779676,0.0039277650458961495,0.003946655499954373,0.0039655909645776475,0.003984571527234013,0.004003597270851755,0.004022668273212687,0.004041784606415427,0.004060946336403115,0.004080153522550312,0.004099406217304336,0.0041187044658765265,0.004138048305979392,0.004157437767605748,0.004176872872846391,0.0041963536357429625,0.004215880062173087,0.004235452149764899,0.004255069887838428,0.004274733257371438,0.004294442230987511,0.004314196772964364,0.004333996839260465,0.0043538423775582825,0.004373733327322441,0.004393669619871476,0.0044136511784616415,0.004433677918381632,0.004453749747057008,0.004473866564163247,0.004494028261746459,0.0045142347243508395,0.004534485829152012,0.004554781446095532,0.004575121438039809,0.00459550566090279,0.004615933963811861,0.0046364061892563485,0.0046569221732421714,0.004677481745448204,0.004698084729383797,0.004718730942891672,0.00473942021656166,0.004760152362995797,0.004780927230762779,0.004801744741209843,0.004822604829744022,0.004843507460108529,0.004864452620825944,0.004885440321936198,0.004906470592007277,0.0049275434753982,0.004948659029755434,0.004969817323724993,0.004991018434864139,0.005012262447737442,0.005033549452183248,0.005054879541737612,0.005076252812203625,0.005097669360355007,0.005119129282763663,0.00514063267474157,0.00516217962938817,0.005183770236735048,0.005205404582980247,0.005227082749805215,0.00524880481376782,0.0052705708457653185,0.00529238091056183,0.005314235066374963,0.00533613336451688,0.005358075849085325,0.005380062556700478,0.005402093516283864,0.005424168748875756,0.005446288267487807,0.005468452076987937,0.005490660174014613,0.005512912546917994,0.00553520917572553,0.005557550032129814,0.005579935079496674,0.00560236427289154,0.005624837559122461,0.005647354876798077,0.005669916156399115,0.005692521320361982,0.005715170283173288,0.0057378629514740305,0.0057605992241724635,0.005783378992564568,0.005806202140461327,0.005829068544321856,0.005851978073391687,0.005874930589845514,0.005897925948933671,0.005920963999131823,0.005944044582293299,0.005967167533803543,0.005990332682736263,0.006013539852010828,0.0060367888588837,0.006060079532173506,0.0060834116858629675,0.006106785167815149,0.006130199898329921,0.006153655812311372,0.006177152873013674,0.006200691068484104,0.006224270408300838,0.006247890920583495,0.006271552649255962,0.006295255651542635,0.006318999995680371,0.006342785758830018,0.006366613025172307,0.006390481884174192,0.0064143924290126116,0.006438344755143676,0.006462338959006109,0.0064863751368486435,0.006510453383671762,0.00653457379227498,0.006558736452401341,0.0065829414499716105,0.006607188866401082,0.006631478777992427,0.006655811255398581,0.006680186363150045,0.0067046041592413765,0.00672906469477215,0.006753568013637828,0.006778114152266507,0.00680270313939768,0.006827334995899537,0.006852009734621462,0.006876727360278795,0.006901487869366985,0.006926291250102623,0.0069511374823889435,0.0069760265378035315,0.007000958379606296,0.00702593296276575,0.007050950234001897,0.0070760101318441074,0.007101112586702468,0.0071262575209513086,0.007151444849023591,0.007176674477515011,0.007201946305296728,0.007227260223635773,0.007252616116322186,0.007278013859802067,0.007303453323315755,0.007328934369040474,0.007354456852236702,0.007380020621397791,0.007405625518402181,0.007431271378667777,0.0074569580313079845,0.00748268529928902,0.0075084529999100615,0.007534260946113592,0.007560108983278095,0.007585996944578473,0.007611924749764816,0.007637892333829543,0.007663899660121678,0.007689946716789805,0.007716033513519788,0.007742160078545202,0.007768326455910119,0.007794532702965217,0.007820778888079711,0.007847065088552749,0.0078733913887093,0.00789975787816633,0.007926164650256565,0.007952611800597571,0.007979099425795114,0.008005627622270499,0.008032196485202259,0.008058806107573308,0.008085456579315432,0.008112147986543366,0.008138880410871569,0.008165653928806985,0.008192468611211872,0.008219324522831027,0.008246221721878225,0.008273160259677111,0.008300140180352007,0.008327161520564594,0.008354224309292628,0.00838132856764715,0.008408474308724953,0.008435661537493274,0.008462890250703877,0.00849016043683406,0.008517472076052048,0.008544825140204677,0.008572219592825336,0.00859965538916014,0.008627132476210784,0.008654650792792375,0.008682210269604725,0.00870981082931582,0.008737452386656146,0.008765134848522774,0.008792858114092007,0.00882062207493973,0.008848426615168556,0.008876271611540726,0.008904156933616387,0.008932082443896032,0.008960047997966942,0.008988053444652682,0.00901609862616532,0.009044183378259732,0.009072307530389607,0.009100470905864706,0.009128673322319836,0.009156914592437974,0.009185194562658304,0.009213513066970767,0.009241870024938172,0.00927026537191517,0.009298699071615972,0.009327171112557278,0.009355681504795954,0.009384230276939444,0.009412817473408473,0.009441443151933161,0.009470107381264898,0.00949881023908771,0.009527551810114077,0.009556332184351138,0.009585151455524365,0.009614009719646608,0.009642907073721467,0.009671843614570531,0.00970081943777509,0.009729834636723209,0.009758889301754222,0.009787983519392791,0.009817117371665565,0.009846290935493985,0.009875504282157053,0.009904757476818562,0.009934050578113467,0.009963383637788724,0.009992756700394118,0.010022169803018902,0.010051622975070451,0.010081116238091487,0.010110649605612494,0.010140223083036385,0.010169836667552576,0.010199490348077917,0.010229184105222104,0.010258917911275324,0.010288691730216156,0.010318505517737742,0.010348359221290597,0.010378252780140408,0.010408186125439322,0.010438159180309393,0.01046817185993686,0.010498224071676214,0.010528315715162832,0.01055844668243332,0.010588616858052577,0.010618826119246746,0.01064907433604139,0.010679361371403979,0.010709687081390279,0.01074005131529384,0.010770453915798148,0.010800894719130975,0.010831373555220304,0.01086189024785161,0.010892444615125839,0.0109230364851519,0.010953665674331649,0.010984332033334022,0.011015035481601593,0.011045775954972314,0.01107655341764495,0.011107367858622036,0.011138219288447479,0.011169107736216974,0.011200033246840747,0.011230995878539545,0.011261995700556545,0.011293032791068743,0.01132410723528269,0.011355219123700709,0.01138636855054454,0.011417555612324394,0.011448780406542276,0.011480043030519237,0.011511343580337013,0.011542682149885188,0.011574058830005582,0.01160547370772629,0.011636926865578384,0.0116684183809887,0.011699948325742539,0.011731516765510886,0.011763123759436838,0.011794769359776363,0.011826453611589134,0.01185817655247515,0.011889938212353391,0.011921738613279003,0.01195357776929572,0.011985455686320503,0.01201737236205759,0.01204932778593948,0.012081321939092251,0.012113354794323237,0.012145426316128905,0.012177536460721016,0.012209685176069397,0.012241872401959791,0.012274098070065076,0.012306362104028698,0.012338664419559003,0.012371004924533184,0.012403383519110023,0.012435800095850132,0.01246825453984305,0.012500746728840207,0.012533276533392972,0.012565843816995307,0.01259844843622999,0.012631090240918161,0.012663769074271488,0.012696484773046444,0.012729237167700275,0.01276202608254823,0.012794851336210873,0.01282771274242399,0.012860610147389467,0.012893543388563458,0.012926512385296662,0.012959517073960189,0.012992557419286462,0.013025633410812107,0.01305874505961555,0.013091892395327468,0.013125075463393426,0.013158294322569984,0.013191549042636534,0.013224839702306642,0.013258166387323864,0.013291529188727884,0.013324928201278192,0.013358363522023095,0.013391835249003047,0.013425343480077923,0.013458888311868637,0.013492469838804241,0.013526088152266377,0.013559743339823281,0.013593435484546525,0.013627164664403663,0.013660930951721094,0.013694734412711167,0.013728575107058608,0.013762453087561341,0.013796368399821225,0.013830321081980733,0.013864311164501585,0.013898338669981913,0.013932403613008707,0.013966506000042381,0.014000645829330922,0.01403482309085077,0.014069037766272184,0.014103289828946899,0.014137579243915973,0.014171905967936,0.01420626994952184,0.014240671129004446,0.014275109438602095,0.014309584802503845,0.014344097136963798,0.014378646350405144,0.014413232343532765,0.014447855009453565,0.014482514233803537,0.014517209894880711,0.014551941863783238,0.01458671000455196,0.014621514174316699,0.01465635422344579,0.014691229995698211,0.014726141328377879,0.014761088052489593,0.014796069992896285,0.014831086968755909,0.014866138808787089,0.014901225330332203,0.014936346386909305,0.014971501897901713,0.015006691800228431,0.015041916059169845,0.015077174664810627,0.015112467628777354,0.015147794981248913,0.015183156768219214,0.015218553048993212,0.015253983893898735,0.015289449382197916,0.015324949600182873,0.015360484639441986,0.015396054595283436,0.015431659565304323,0.01546729964809393,0.015502974942061008,0.015538685544375373,0.015574431550015057,0.015610213050910678,0.01564603013517953,0.015681882886442202,0.015717771383215357,0.01575369569837452,0.015789655898681167,0.015825652044369146,0.01586168418878556,0.015897752378081432,0.015933856650948444,0.015969997038397465,0.016006173563575855,0.016042386241619775,0.016078635079538817,0.016114920076130156,0.016151241221919396,0.016187598499125946,0.016223991881650687,0.01626042133508381,0.016296886816731006,0.0163333882756562,0.016369925652739422,0.016406498880747966,0.016443107884419886,0.016479752580558255,0.01651643287813516,0.01655314867840441,0.016589899875021737,0.016626686354171936,0.01666350799470181,0.01670036466825822,0.016737256239430665,0.01677418256589761,0.01681114349857591,0.016848138881773063,0.01688516855334141,0.01692223234483417,0.016959330081662567,0.016996461583522696,0.017033626665287203,0.017070825173213927,0.017108056947895595,0.017145321908758674,0.017182619993270525,0.017219951167259735,0.017257315421359158,0.017294712767743456,0.017332143237139472,0.017369606876089034,0.01740710374444486,0.017444633913082475,0.017482197461811618,0.017519794477471925,0.017557425052199163,0.017595089281848816,0.017632787264565197,0.01767051909948466,0.017708284885562947,0.01774608472051677,0.017783918699870917,0.017821786916102676,0.017859689457875857,0.017897626409357516,0.01793559784961065,0.017973603852056944,0.01801164448400401,0.018049719806231653,0.018087829872632827,0.018125974729904275,0.01816415441728327,0.018202368966326214,0.01824061840072579,0.018278902736163387,0.01831722198019373,0.01835557613215897,0.018393965183129548,0.01843238911586961,0.018470847904824613,0.01850934151612921,0.018547869907633407,0.01858643302894535,0.018625030821489072,0.018663663218575818,0.01870233014548742,0.018741031519570583,0.0187797672503409,0.018818537239595517,0.01885734138153342,0.018896179562882476,0.018935051663032415,0.01897395755417287,0.019012897101436,0.019051870163042755,0.01909087659045236,0.019129916228514513,0.019168988915623596,0.019208094483874713,0.01924723275922088,0.01928640356188984,0.019325606707316867,0.019364842041699318,0.019404109407350895,0.019443408723649715,0.01948273992860394,0.0195221029885829,0.01956149789475997,0.01960092465985013,0.019640383315120503,0.019679873907652915,0.01971939649783999,0.01975895115709703,0.0197985379657733,0.01983815701124786,0.0198778083861957,0.019917492187011433,0.019957208512378224,0.019996957461971214,0.020036739135284757,0.02007655363057395,0.02011640104390187,0.02015628146828389,0.02019619499292173,0.02023614170252023,0.020276121676679932,0.020316134989359965,0.020356181708405155,0.020396261895132394,0.020436375603971536,0.020476522882156074,0.020516703769459885,0.020556918297975693,0.020597166491932405,0.020637448367547478,0.0206777639329115,0.02071811318790229,0.020758496124125843,0.020798912724881637,0.02083936296515031,0.020879846811601502,0.020920364222620027,0.020960915148348653,0.021001499530745905,0.021042117303657324,0.021082768392898778,0.02112345271635093,0.021164170184063146,0.02120492069836613,0.021245704153992257,0.021286520438202575,0.02132736943091981,0.021368251004866504,0.021409165025707486,0.021450111352196127,0.02149108983632398,0.02153210032347283,0.021573142652569013,0.02161421665623941,0.02165532216096856,0.021696458987505936,0.02173762695232156,0.021778825900706938,0.021820055676907767,0.021861316200375232,0.021902607409647924,0.021943929271625365,0.02198528177801101,0.022026664942049756,0.022068078795538373,0.02210952338608818,0.02215099877462116,0.022192505033081702,0.022234042242348016,0.022275610490327932,0.02231720987022501,0.022358840478962198,0.022400502415750895,0.02244219578079422,0.02248392067411432,0.022525677194493946,0.022567465438523587,0.02260928549974587,0.02265113746788957,0.022693021428186314,0.022734937460763396,0.022776885640106395,0.022818866034586414,0.02286087870604649,0.02290292370944234,0.022945001092533175,0.022987110895618362,0.023029253151315987,0.023071427884380116,0.023113635111553132,0.02315587484145038,0.02319814707447423,0.023240451802755045,0.023282789010116472,0.023325158672063126,0.02336756075578842,0.023409995220200784,0.023452462015966374,0.02349496108556693,0.023537492363370962,0.023580055775717226,0.023622651241008968,0.023665278669817956,0.023707937964997126,0.023750629021800897,0.023793351728012196,0.023836105964075385,0.023878891603234427,0.02392170851167537,0.0239645565486727,0.024007435566738834,0.024050345411776208,0.024093285923231653,0.02413625693425227,0.024179258271842693,0.024222289757263014,0.02426535120703637,0.02430844246740553,0.02435156338370967,0.024394713875388364,0.024437893881499088,0.02448110336946018,0.024524342331493556,0.024567610781362485,0.024610908751381808,0.024654236289680827,0.024697593457699212,0.024740980327898884,0.02478439698167544,0.02482784350745384,0.02487131999895455,0.024914826553617275,0.024958363271169973,0.025001930252332088,0.025045527597641906,0.025089155406398143,0.02513281377570702,0.025176502799626688,0.025220222568401333,0.025263973167777724,0.02530775467839809,0.02535156717526276,0.025395410727257425,0.02543928539673942,0.025483191239178665,0.02552712830284833,0.0255710966285615,0.025615096249449888,0.025659127190780867,0.025703189469809987,0.02574728309566557,0.02579140806926275,0.025835564383244435,0.025879752021946652,0.025923970961386177,0.025968221169268377,0.026012502605013445,0.026056815219799145,0.02610115895661851,0.026145533750351273,0.026189939527847126,0.026234376208020098,0.026278843701952565,0.026323341913007784,0.026367870736950353,0.026412430062073146,0.02645701976933031,0.026501639732475386,0.026546289818203797,0.0265909698862992,0.026635679789782932,0.026680419375066246,0.026725188482104523,0.026769986944553254,0.026814814589925257,0.02685967123997932,0.026904556723220983,0.026949470862859405,0.026994413517401155,0.02703938460622329,0.027084384068889845,0.027129411873325533,0.02717446801225844,0.02721955249995779,0.02726466536924431,0.02730980666875285,0.027354976460428535,0.0274001748172385,0.027445401821083317,0.027490657560892796,0.02753594213089209,0.027581255629025334,0.027626598155524713,0.02767196981161381,0.027717370698334718,0.027762800915489844,0.027808260560688917,0.02785374972849337,0.02789926850965048,0.027944816990409932,0.02799039525191665,0.028036003369673497,0.028081641413068462,0.02812730944496104,0.028173007521323068,0.02821873569092948,0.028264493995094894,0.028310282467452347,0.0283561011337704,0.028401950011805573,0.02844782911118694,0.02849373843333022,0.028539677971378675,0.02858564771016855,0.028631647626216592,0.028677677687728012,0.028723737854622573,0.028769828078577395,0.028815948303084815,0.028862098463523538,0.02890827848724206,0.02895448829365308,0.029000727794337322,0.029046996893156374,0.029093295486372833,0.029139623462777438,0.02918598070382198,0.029232367083757427,0.0292787824697765,0.02932522672215989,0.029371699694425837,0.02941820123348225,0.029464731179780986,0.029511289367473815,0.029557875624569643,0.029604489773314313,0.02965113164271709,0.029697801056109294,0.029744497873249644,0.02979122201362828,0.029837973417304143,0.029884752052696622,0.0299315579130283,0.029978391013062697,0.030025251386114633,0.030072139081312902,0.0301190541610963,0.03016599669892552,0.03021296677719446,0.03025996448532607,0.03030698991803844,0.03035404317376844,0.030401124353240813,0.030448233558171455,0.030495370890094697,0.030542536449304835,0.03058973033390337,0.030636952638943348,0.03068420345566339,0.030731482870804384,0.03077879096600224,0.030826127817250616,0.030873493494428084,0.030920888060884555,0.030968311573082077,0.03101576408028555,0.03106324562429946,0.031110756239246442,0.031158295951384505,0.031205864778959373,0.03125346273208916,0.03130108981267845,0.03134874601435914,0.03139643132245586,0.03144414571397373,0.031491889157606,0.031539661613760206,0.03158746303460118,0.03163529336410873,0.031683152538148865,0.031731040484557174,0.03177895712323322,0.031826902366244414,0.0318748761179389,0.03192287827506552,0.031970908726901136,0.03201896735538342,0.03206705403524913,0.032115168634176454,0.032163311012931455,0.032211481025517456,0.032259678519327345,0.03230790333529773,0.03235615530806495,0.03240443426612227,0.03245274003219097,0.03250107243533142,0.03254943129982283,0.03259781648631294,0.03264622791434729,0.03269466552446807,0.03274312928557756,0.032791619191381176,0.03284013525712506,0.03288867751660648,0.03293724601943635,0.03298584082853557,0.033034462017846676,0.033083109670245144,0.03313178387563535,0.03318048472921666,0.03322921232990698,0.03327796677891193,0.03332674817842804,0.03337555663047009,0.03342439223581271,0.03347325509303748,0.03352214529767735,0.033571062941450604,0.03362000811157764,0.03366898089017366,0.03371798135371145,0.033767009572548516,0.033816065610513465,0.03386514952454694,0.03391426136439213,0.03396340117233171,0.03401256898296626,0.034061764823031505,0.034110988711250824,0.03416024065821964,0.03420952066631974,0.034258828729660046,0.03430816483404199,0.03435752895694722,0.034406921067545435,0.03445634112672042,0.034505789087113097,0.03455526489317903,0.03460476848125985,0.034654299779666636,0.03470385870877417,0.034753445181125005,0.03480305910154206,0.03485270036724892,0.03490236886799697,0.03495206448619817,0.035001787097063336,0.03505153656874461,0.035101312762481726,0.03515111553275164,0.035200944727420476,0.03525080018789804,0.03530068174929359,0.035350589240573174,0.03540052248492223,0.03545048131145156,0.03550046554528806,0.03555047504810055,0.03560050973941215,0.03565056956023658,0.03570065447994765,0.035750764492721965,0.03580089961427674,0.035851059878880036,0.03590124533661351,0.03595145605086851,0.03600169209605778,0.036051953555526976,0.036102240519650365,0.03615255308409698,0.03620289134825432,0.03625325541379725,0.03630364538339148,0.03635406135952078,0.03640450344342849,0.0364549717341648,0.03650546632773095,0.03655598731631342,0.03660653478760067,0.036657108824175666,0.036707709502978844,0.03675833689483513,0.036808991064040376,0.03685967206800218,0.03691037995693072,0.0369611147735753,0.03701187655300294,0.0370626653224157,0.03711348110100297,0.03716432389982618,0.0372151937217328,0.03726609056129728,0.037317014404786394,0.03736796523014695,0.037418943007013566,0.0374699476967349,0.03752097925241636,0.03757203761897802,0.0376231227332256,0.03767423452393428,0.03772537291194266,0.03777653781025694,0.03782772912416344,0.037878946751349105,0.03793019058202829,0.03798146049907592,0.0380327563781655,0.03808407808791168,0.03813542549001653,0.03818679843941913,0.03823819678444759,0.03828962036697346,0.03834106902256756,0.038392542580657316,0.03844404086488103,0.038495563704204525,0.038547110925023435,0.03859868238970398,0.038650278017799064,0.038701897750782734,0.03875354155848884,0.03880520943555395,0.038856901398154974,0.0389086174810195,0.03896035773468853,0.03901212222301248,0.03906391102086317,0.03911572421204499,0.03916756188739077,0.039219424143027974,0.03927131107880227,0.03932322279684664,0.03937515940028456,0.03942712099205749,0.03947910767386623,0.039531119545218235,0.03958315670257184,0.03963521923857051,0.03968730724135941,0.03973942079397803,0.03979155997382308,0.039843724852175716,0.03989591549378779,0.039948131956522706,0.040000374291046234,0.040052642540563024,0.040104936740595405,0.04015725691880054,0.04020960309482266,0.04026197528017786,0.0403143734781681,0.040366797683822134,0.04041924788386095,0.04047172405668517,0.04052422617238328,0.040576754192757414,0.040629308071366506,0.04068188775358367,0.0407344931766678,0.040787124269846826,0.04083978095441202,0.04089246314382205,0.040945170743815575,0.04099790365253154,0.04105066176063621,0.04110344495145634,0.041156253101116896,0.041209086078683926,0.04126194374631066,0.0413148259593872,0.04136773256669248,0.04142066341054861,0.0414736183269769,0.041526597145855056,0.04157959969126353,0.041632625792414175,0.04168567527615784,0.04173874800594207,0.04179184390134392,0.04184496290428656,0.04189810498505283,0.04195127013872804,0.04200445838193773,0.042057669749857876,0.04211090429347774,0.04216416207709586,0.042217443176031835,0.04227074767453779,0.04232407566389408,0.04237742724067548,0.04243080250517483,0.04248420155997197,0.04253762450863731,0.04259107145455885,0.042644542499883815,0.0426980377445659,0.04275155728550948,0.04280510121580391,0.042858669624039995,0.04291226259370278,0.042965880202634366,0.04301952252256096,0.0430731896186794,0.04312688154929795,0.04318059836552686,0.043234340111015325,0.04328810682172989,0.04334189852577172,0.04339571524322897,0.043449556986061434,0.04350342375801461,0.043557315554560556,0.04361123236286335,0.04366517416176679,0.043719140921802,0.04377313260521379,0.04382714916600345,0.043881190549986425,0.043935256694863666,0.04398934753030495,0.044043462978043325,0.044097602951979,0.04415176735829192,0.04420595609556227,0.04426016905489735,0.04431440612006463,0.04436866716762979,0.04442295206709931,0.04447726068106671,0.04453159286536212,0.044585948469204426,0.04464032733535552,0.04469472930027628,0.044749154194283706,0.04480360184188975,0.044858072063393754,0.04491256470449745,0.04496707962038433,0.045021616730705274,0.04507617597782224,0.04513075733245659,0.045185360790131995,0.04523998636791213,0.0452946341014109,0.04534930404205544,0.0454039962545818,0.04545871081474708,0.04551344780724056,0.04556820732377963,0.045622989461375975,0.04567779432075904,0.04573262200494531,0.045787472617941305,0.045842346263571206,0.045897243044418196,0.0459521630608717,0.046007106410271656,0.046062073186142825,0.046117063477511176,0.04617207736829673,0.04622711493677648,0.046282176255111336,0.04633726138893253,0.046392370396982525,0.046447503330805794,0.04650266023448539,0.04655784114442162,0.04661304608914917,0.046668275089189595,0.04672352815693585,0.04677880529656644,0.04683410650398629,0.046889431766792174,0.04694478106426021,0.04700015436735392,0.04705555163875018,0.04711097283288218,0.04716641789599714,0.04722188676622756,0.047277379373674634,0.04733289564050258,0.04738843548104258,0.047443998801905495,0.04749958550210213,0.047555195473170296,0.04761082859930773,0.04766648475751031,0.047722163817714394,0.04777786564294326,0.04783359008945668,0.04788933700690291,0.04794510623847315,0.04800089762105721,0.04805671098540108,0.04811254615643778,0.04816840297172376,0.048224281243212944,0.048280180844345336,0.04833610169475524,0.04839204373723154,0.04844800694292245,0.04850399130777834,0.0485599968492894,0.04861602360349589,0.04867207162225115,0.04872814097071724,0.04878423172507709,0.04884034397044581,0.04889647779896629,0.04895263330807552,0.04900881059892821,0.049065009774965945,0.04912123094062016,0.04917747420013969,0.04923373965653235,0.04929002741061196,0.04934633756014274,0.049402670199073524,0.049459025416854194,0.04951540329782863,0.049571803920697266,0.04962822735804452,0.04968467367592492,0.049741142933504026,0.049797635182749274,0.04985415046816648,0.04991068882657856,0.049967250286942655,0.050023834870202614,0.05008044258917349,0.0501370734484558,0.050193727444376265,0.050250404564953235,0.050307104789884385,0.05036382809055445,0.050420574430061524,0.05047734376325976,0.05053413603681714,0.05059095118928683,0.05064778915119052,0.05070464984511272,0.05076153318580477,0.050818439080297546,0.05087536742802169,0.05093231812093459,0.05098929104365355,0.05104628607359369,0.051103303081110586,0.051160341929646545,0.0512174024758801,0.05127448456987824,0.051331588055250524,0.05138871276930526,0.05144585854320647,0.05150302520229787,0.051560212575941414,0.05161742049345101,0.05167464882069969,0.05173189747738694,0.05178916640671927,0.05184645558026227,0.05190376499438351,0.05196109466699017,0.0520184446345395,0.05207581494930141,0.0521332056768546,0.052190616893798246,0.05224804868566368,0.05230550114500974,0.05236297436968942,0.05242046846127296,0.05247798352361743,0.05253551966156965,0.05259307697979351,0.052650655581711815,0.05270825556855323,0.05276587703849656,0.05282352008590509,0.05288118480064291,0.05293887126746812,0.052996579565495056,0.053054309767721866,0.053112061940616656,0.05316983614375849,0.053227632429528014,0.053285450842844057,0.05334329142094255,0.05340115419319331,0.05345903918095277,0.05351694639744842,0.05357487584769293,0.05363282752842506,0.053690801428075106,0.05374879752675243,0.05380681579625328,0.05386485620008711,0.05392291869351929,0.05398100322362888,0.05403910972937991,0.054097238141704695,0.054155388383598346,0.05421356037022249,0.05427175400901822,0.05432996919982616,0.05438820583501356,0.054446463799607436,0.054504742971432346,0.054563043221253237,0.05462136441292158,0.054679706403524896,0.054738069043539,0.054796452176982154,0.05485485564157109,0.0549132792688783,0.05497172288464827,0.05503018631012385,0.05508866939177294,0.05514717198803093,0.05520569401862313,0.055264235427163716,0.0553227961856259,0.055381376290784635,0.05543997576095433,0.05549859463299923,0.05555723295959614,0.05561589080673043,0.05567456825140786,0.055733265379566,0.05579198228417,0.05585071906347866,0.055909475819468174,0.055968252656401166,0.05602704967952994,0.05608586699392377,0.05614470470341053,0.056203562909623736,0.05626244171114708,0.05632134120274835,0.05638026147469623,0.05643920261215289,0.056498164694636845,0.05655714779555015,0.05661615198176464,0.05667517731326292,0.056734223842829,0.05679329161578503,0.05685238066976988,0.05691149103455634,0.05697062273190351,0.05702977577544142,0.05708895017058514,0.057148145914475625,0.05720736299594513,0.05726660139550493,0.05732586108535295,0.05738514202940021,0.05744444418331338,0.05750376749457271,0.05756311190254317,0.057622477338558034,0.05768186372601305,0.05774127098047037,0.05780069900977136,0.05786014771415683,0.057919616986394105,0.057979106711909915,0.058038616768928596,0.05809814702861448,0.05815769735521842,0.05821726760622714,0.05827685763251542,0.05833646727850038,0.05839609638229739,0.058455744775877325,0.05851541228537627,0.05857509873996012,0.05863480397100629,0.05869452784574299,0.05875427028388312,0.05881403122943806,0.05887381065477788,0.058933608557074316,0.058993424955038405,0.05905325988593092,0.059113113402824886,0.05917298557210182,0.059232876471163536,0.05929278618634339,0.05935271481100215,0.05941266244379421,0.05947262918709108,0.05953261514555062,0.05959262042482008,0.05965264513036368,0.059712689366403976,0.05977275323496912,0.05983283683503718,0.05989294026177023,0.05995306360583097,0.06001320695277558,0.060073370382516374,0.06013355396884896,0.060193757779038695,0.06025398187346145,0.06031422630529445,0.0603744911202528,0.06043477635636819,0.06049508204380614,0.060555408204718206,0.06061575485312676,0.0606761219948391,0.06073650962738833,0.06079691773999854,0.06085734631357264,0.060917795320700276,0.06097826472568379,0.06103875448458116,0.061099264545263765,0.06115979484748752,0.06122034532297645,0.0612809158955169,0.061341506481061535,0.06140211698784202,0.06146274731648933,0.061523397360160825,0.061584067004673025,0.06164475612864003,0.061705464603615715,0.06176619229424023,0.06182693905838958,0.06188770474732758,0.06194848920586017,0.06200929227249156,0.0620701137795812,0.06213095355364678,0.06219181142419825,0.0622526872227622,0.062313580817591765,0.0623744921284413,0.06243542109970973,0.062496367704154655,0.06255733193933509,0.06261831382434928,0.0626793133968449,0.0627403307102819,0.0628013658314285,0.06286241883807303,0.06292348981693519,0.06298457886176204,0.06304568607159398,0.06310681154918847,0.06316795539958896,0.06322911772882846,0.06329029864275663,0.06335149824598137,0.06341271664091587,0.06347395392692308,0.06353521019954997,0.06359648554984396,0.06365778006374567,0.06371909382155179,0.06378042689744211,0.06384177935906597,0.06390315126718321,0.06396454267535469,0.06402595362967911,0.06408738416857157,0.0641488343225809,0.0642103041142416,0.0642717935579591,0.06433330265992371,0.06439483141805072,0.06445637982194692,0.06451794785289763,0.06457953548387445,0.06464114267956204,0.06470276939639993,0.06476441558264129,0.06482608117842367,0.0648877661158523,0.06494947031909498,0.06501119370448538,0.06507293618063609,0.06513469764855882,0.06519647800179149,0.06525827712653116,0.0653200949017722,0.0653819311994486,0.06544378588458057,0.06550565881542389,0.06556754984362195,0.06562945881436048,0.06569138556652293,0.06575332993284799,0.0658152917402259,0.06587727081110732,0.06593926699200178,0.06600128014470899,0.06606331018901908,0.06612535706970968,0.06618742075991696,0.06624950125757843,0.06631159858217046,0.0663737127717189,0.06643584388006153,0.0664979919743443,0.06656015713273306,0.06662233944232505,0.06668453899724452,0.06674675589690901,0.06680899024445283,0.06687124214529637,0.06693351170584917,0.06699579903233722,0.06705810422974476,0.0671204274008612,0.06718276864542547,0.06724512805936023,0.0673075057340887,0.0673699017559269,0.06743231620554678,0.06749474915750332,0.06755720067982103,0.06761967083363446,0.06768215967287917,0.06774466724402849,0.06780719358587187,0.0678697387293322,0.06793230269731812,0.06799488550460922,0.068057487157769,0.06812010765508682,0.0681827469865428,0.06824540513379537,0.0683080820701894,0.06837077776078229,0.0684334921623867,0.06849622522362822,0.06855897688501678,0.06862174707903024,0.06868453573020827,0.06874734275525667,0.0688101680631599,0.06887301155530133,0.06893587312559052,0.06899875266059584,0.06906165003968293,0.06912456513515687,0.06918749781240874,0.0692504479300652,0.06931341534014021,0.06937639988818985,0.06943940141346795,0.06950241974908329,0.06956545472228955,0.06962850615592049,0.06969157389649609,0.06975465780689076,0.0698177578069114,0.0698808738417049,0.06994400588477644,0.07000715393443237,0.07007031801051798,0.07013349815142757,0.07019669441136736,0.0702599068578517,0.0703231355694146,0.07038638063352123,0.07044964214466372,0.07051292020262721,0.07057621491091372,0.07063952637531082,0.07070285470259532,0.07076619999936037,0.0708295623709571,0.0708929419205417,0.07095633874821969,0.07101975295028026,0.07108318461851273,0.07114663383959946,0.07121010069457834,0.07127358525837026,0.0713370875993654,0.07140060777906386,0.0714641458517667,0.07152770186431226,0.07159127585585537,0.07165486785768359,0.07171847789307077,0.0717821059771607,0.0718457521168815,0.07190941631088699,0.07197309854952139,0.07203679881480723,0.07210051708045319,0.07216425331188035,0.07222800746626509,0.07229177949259644,0.07235556933174755,0.07241937691655947,0.07248320217193482,0.07254704501494226,0.0726109053549289,0.07267478309364069,0.07273867812534958,0.07280259033698606,0.07286651960827797,0.07293046581189233,0.07299442881358205,0.07305840847233525,0.07312240464052754,0.07318641716407624,0.07325044588259638,0.07331449062955796,0.07337855123256927,0.07344262751483357,0.07350671932290116,0.07357082652066632,0.07363494902796448,0.07369908679030272,0.07376323978154602,0.07382740800036083,0.073891591466952,0.0739557902200734,0.07402000431429069,0.07408423381747749,0.0741484788085269,0.07421273937526306,0.07427701561253686,0.07434130762049221,0.07440561550298946,0.07446993936617474,0.07453427931718301,0.07459863546296554,0.0746630079092314,0.07472739675949443,0.07479180211421775,0.07485622407004822,0.07492066271913246,0.07498511814850993,0.07504959043957567,0.07511407966760743,0.07517858590135207,0.07524310920266639,0.07530764962620781,0.07537220721917103,0.075436782021067,0.07550137406353942,0.07556598337021793,0.07563060995660202,0.07569525382997541,0.07575991498934753,0.0758245934254187,0.07588928912056551,0.0759540020488518,0.07601873217605343,0.07608347945970141,0.07614824384913926,0.07621302528559482,0.07627782370226305,0.07634263902440087,0.07640747116943093,0.0764723200470541,0.07653718555937013,0.07660206760100421,0.07666696605924057,0.07673188081416009,0.0767968117387829,0.07686175869921484,0.07692672155479695,0.07699170015825746,0.07705669435586619,0.07712170398759047,0.07718672888725253,0.07725176888280663,0.07731682382142889,0.07738189350227855,0.07744697781411347,0.07751207667679527,0.07757719003618074,0.07764231786648446,0.07770746016672211,0.0777726169574482,0.07783778827776573,0.07790297418258953,0.07796817474014231,0.07803339002966592,0.07809862013933334,0.07816386516434423,0.07822912520519097,0.07829440036608255,0.07835969075351326,0.07842499647496651,0.07849031763774149,0.07855565434789522,0.07862100670928945,0.07868637482273529,0.07875175878522704,0.07881715868925884,0.07888257462221768,0.07894800666584578,0.07901345489576803,0.07907891938107837,0.07914440018398056,0.07920989735947882,0.07927541095511458,0.07934094101074525,0.07940648755836104,0.07947205062193784,0.0795376302173213,0.07960322635214152,0.07966883902575338,0.07973446822920227,0.07980011394521157,0.07986577614819061,0.07993145480426087,0.07999714987129838,0.08006286129899212,0.08012858902891487,0.08019433299460663,0.0802600931216692,0.08032586932786978,0.08039166152325394,0.08045746961026581,0.08052329348387502,0.08058913303170982,0.0806549881341953,0.08072085866469542,0.08078674448965992,0.08085264546877334,0.08091856145510762,0.08098449229527599,0.08105043782958911,0.0811163978922123,0.0811823723114368,0.08124836091140715,0.08131436353830222,0.0813803800581512,0.08144641039087544,0.0815124544826756,0.08157851230811031,0.08164458386653897,0.08171066917885934,0.08177676828451803,0.08184288123877313,0.0819090081101902,0.08197514897835426,0.08204130393178079,0.08210747306601207,0.08217365648188293,0.08223985428394442,0.08230606657903318,0.08237229347497432,0.08243853507940885,0.08250479149873542,0.08257106283715736,0.08263734919582685,0.0827036506720793,0.08276996735874995,0.08283629934356652,0.082902646708612,0.08296900952985171,0.08303538787672003,0.08310178181176078,0.08316819139031827,0.0832346166602738,0.08330105766182444,0.08336751442730017,0.08343398698101605,0.08350047533915708,0.08356697950969265,0.08363349949231631,0.08370003527841234,0.08376658685104288,0.0838331541849557,0.08389973724661054,0.08396633599422172,0.08403295037781627,0.0840995803393049,0.0841662258125653,0.08423288672353678,0.08429956299032407,0.08436625452331004,0.08443296122527585,0.08449968299152832,0.08456641971003241,0.08463317126154986,0.08469993751978128,0.08476671835151277,0.08483351361676521,0.0849003231689465,0.08496714685500592,0.0850339845155899,0.08510083598519945,0.08516770109245576,0.08523457966694876,0.08530147154463145,0.08536837659765004,0.08543529474594948,0.08550222593606473,0.08556917014288891,0.08563612736611538,0.08570309762697595,0.08577008096525106,0.0858370774365324,0.08590408710971911,0.08597111006472956,0.0860381463904127,0.08610519618264394,0.08617225954259106,0.0862393365751381,0.08630642738745425,0.0863735320876973,0.08644065078384071,0.08650778358261546,0.08657493058855714,0.08664209190314996,0.08670926762406134,0.08677645784445824,0.08684366265240004,0.08691088213030107,0.08697811635445822,0.08704536539463709,0.08711262931371247,0.08717990816735977,0.08724720200379117,0.08731451086353433,0.08738183477924984,0.0874491737755831,0.0875165278690496,0.08758389706794861,0.08765128137230395,0.08771868077382967,0.08778609525591774,0.08785352479364543,0.08792096935380188,0.08798842889493103,0.08805590336738896,0.0881233927134154,0.08819089686721703,0.08825841575506198,0.08832594929538361,0.08839349739889323,0.08846105996870067,0.08852863690044079,0.08859622808240669,0.08866383339568813,0.08873145271431362,0.08879908590539691,0.08886673282928655,0.08893439333971782,0.0890020672839674,0.08906975450300882,0.08913745483167011,0.0892051680988939,0.08927289413432761,0.08934063277448975,0.08940838389220568,0.08947614740743001,0.089543923267024,0.08961171144620678,0.08967951194499765,0.0897473247849544,0.08981515000618306,0.08988298766460101,0.08995083782943282,0.09001870058092208,0.09008657600824291,0.09015446420759585,0.09022236528047349,0.09029027933208475,0.09035820646992329,0.09042614680247156,0.09049410043802743,0.09056206748364609,0.09063004804418717,0.09069804222145882,0.09076605011345222,0.09083407181365817,0.09090210741045959,0.09097015698659426,0.09103822061868247,0.09110629837681279,0.09117439032418312,0.09124249651679184,0.0913106170031737,0.09137875182417927,0.09144690101279132,0.09151506459397804,0.09158324258457691,0.09165143499320924,0.09171964182022094,0.09178786305764795,0.09185609868920372,0.09192434869028729,0.09199261302800908,0.09206089166123459,0.09212918454064083,0.09219749160878864,0.09226581280020574,0.09233414804148087,0.09240249725136818,0.09247086034089948,0.09253923721350471,0.09260762776513924,0.09267603188441635,0.09274444945274561,0.09281288034447548,0.09288132442703943,0.09294978156110548,0.09301825160072855,0.09308673439350446,0.09315522978072609,0.09322373759754045,0.09329225767320373,0.09336078983742335,0.09342933392728667,0.09349788981623491,0.09356645742425779,0.09363503669853494,0.09370362761460348,0.09377223017280081,0.09384084439500252,0.0939094703216324,0.09397810800892555,0.0940467575264239,0.09411541895468847,0.09418409238321067,0.0942527779085079,0.09432147563238996,0.09439018566038236,0.09445890810029574,0.09452764306092892,0.09459639065089633,0.09466515097756928,0.09473392414612368,0.09480271025868382,0.09487150941355682,0.09494032170454916,0.09500914722035936,0.09507798604404095,0.09514683825252937,0.09521570391622856,0.09528458309865162,0.09535347585611183,0.09542238223745889,0.09549130228385809,0.0955602360286068,0.09562918349698765,0.09569814470615266,0.09576711966503718,0.09583610837430123,0.09590511082629484,0.09597412700504518,0.09604315688626504,0.09611220043737866,0.09618125761756464,0.09625032837781346,0.0963194126609991,0.0963885104019624,0.09645762152760505,0.09652674595699387,0.09659588360147357,0.09666503436478649,0.09673419814320038,0.09680337482564084,0.09687256429382969,0.09694176642242734,0.09701098107917916,0.09708020812506503,0.09714944741445135,0.09721869879524563,0.09728796210905202,0.09735723719132895,0.0974265238716383,0.09749582197992011,0.09756513135348434,0.09763445186651516,0.09770378343905331,0.09777312601858884,0.09784247958096917,0.0979118441268422,0.09798121967839334,0.09805060627635642,0.09812000397727628,0.09818941285100462,0.09825883297841205,0.0983282644492994,0.09839770736049333,0.09846716181411296,0.0985366279159928,0.09860610577425233,0.09867559549799935,0.09874509719615696,0.09881461097640502,0.09888413694422787,0.09895367520205801,0.09902322584851078,0.09909278897770071,0.0991623646786343,0.09923195303467276,0.09930155412305933,0.09937116801450536,0.0994407947728315,0.09951043445465818,0.09958008710914244,0.09964975277775649,0.09971943149410468,0.0997891232837764,0.09985882816423006,0.09992854614470786,0.0999982772261763,0.1000680214012914,0.10013777865438651,0.10020754896148071,0.1002773322903039,0.10034712860034051,0.10041693784288658,0.10048675996112182,0.10055659489019224,0.10062644255730491,0.10069630288183176,0.10076617577542253,0.10083606114212457,0.10090595887851023,0.10097586887380978,0.1010457910100495,0.10111572516219425,0.10118567119829366,0.10125562897963179,0.10132559836087898,0.10139557919024664,0.10146557130964265,0.10153557455482903,0.1016055887556662,0.10167561374197337,0.10174564935196033,0.10181569546021564,0.10188575198681382,0.10195581887954787,0.10202589611456801,0.10209598369282472,0.1021660816368059,0.10223618998754791,0.10230630880189784,0.10237643815000945,0.10244657811305546,0.1025167287811385,0.10258689025138709,0.10265706262622179,0.10272724601177888,0.10279744051647922,0.10286764624973173,0.10293786332076064,0.1030080918375469,0.10307833190587565,0.10314858362848042,0.10321884710427699,0.10328912242768044,0.10335940968799762,0.10342970896889009,0.1035000203479012,0.10357034389604237,0.1036406796774341,0.10371102774899657,0.10378138816018642,0.10385176095277547,0.1039221461606676,0.10399254380975122,0.10406295391778402,0.10413337649430743,0.10420381154058636,0.10427425904957602,0.10434471900590844,0.10441519138590095,0.10448567615758204,0.10455617328073438,0.10462668270695223,0.10469720437971332,0.10476773823446148,0.10483828419870175,0.10490884219210363,0.1049794121266143,0.10504999390657854,0.10512058742886622,0.10519119258300468,0.10526180925131731,0.10533243730906573,0.10540307662459648,0.10547372705949026,0.10554438846871399,0.10561506070077559,0.1056857435978792,0.10575643699608304,0.1058271407255386,0.105897854616123,0.10596857850653973,0.10603931227201147,0.10611005583261494,0.10618080913643876,0.10625157215992848,0.10632234490432953,0.10639312739242517,0.1064639196655467,0.10653472178083608,0.10660553380874166,0.1066763558307309,0.10674718793720085,0.10681803022557454,0.10688888279856668,0.10695974576260749,0.10703061922641217,0.10710150329968326,0.10717239809193878,0.1072433037114533,0.10731422026430557,0.10738514785352239,0.10745608657831285,0.10752703653338515,0.10759799780833931,0.10766897048712963,0.10773995464759226,0.1078109503610314,0.1078819576918599,0.10795297669729051,0.1080240074270721,0.10809504992326865,0.10816610422007605,0.10823717034367471,0.10830824831211412,0.10837933813522733,0.10845043981457093,0.10852155334339146,0.10859267870661235,0.10866381588084212,0.10873496483440032,0.10880612552736055,0.10887729791160798,0.10894848193091103,0.10901967752100414,0.1090908846096828,0.10916210311690698,0.10923333295491401,0.10930457402833882,0.10937582623434121,0.1094470894627384,0.10951836359614366,0.10958964851010818,0.10966094407326793,0.1097322501474931,0.10980356658803994,0.10987489324370542,0.10994622995698278,0.1100175765642191,0.11008893289584985,0.11016029877805157,0.11023167405760488,0.11030305860646425,0.11037445234474244,0.11044585522081633,0.11051726721142023,0.11058868831808796,0.11066011856389092,0.11073155799044844,0.11080300665519043,0.11087446462885335,0.1109459319931921,0.11101740883889151,0.1110888952636619,0.11116039137050548,0.11123189726613976,0.1113034130595668,0.11137493886077633,0.11144647477957301,0.11151802092451826,0.11158957740197731,0.1116611443152635,0.11173272176387226,0.11180430984279799,0.11187590864192672,0.11194751824549887,0.11201913873163634,0.11209077017192885,0.11216241263107518,0.11223406616657343,0.11230573082845768,0.11237740665907735,0.11244909369291316,0.11252079195643068,0.11259250146796436,0.11266422223763162,0.11273595426727394,0.11280769755042223,0.11287945207228436,0.11295121780975298,0.11302299473143176,0.11309478279767834,0.1131665819606619,0.11323839216443428,0.11331021334501384,0.1133820454304794,0.11345388834107435,0.11352574198931928,0.11359760628013231,0.11366948111095619,0.11374136637189118,0.11381326194583302,0.11388516770861588,0.11395708352915819,0.11402900926961247,0.11410094478551731,0.11417288992595175,0.1142448445336913,0.11431680844536476,0.11438878149168456,0.11446076350277674,0.11453275431808808,0.11460475381406798,0.11467676191086475,0.11474877855713608,0.11482080372989699,0.11489283743096185,0.11496487968368253,0.11503693052995871,0.11510899002750041,0.11518105824732422,0.11525313527146512,0.11532522119088784,0.11539731610358257,0.11546942011283105,0.11554153332563041,0.11561365585126196,0.11568578779999505,0.11575792928191357,0.11583008040585802,0.11590224127847258,0.1159744120033495,0.11604659268026303,0.11611878340448617,0.11619098426618363,0.11626319534987412,0.11633541673395799,0.11640764849030331,0.11647989068388682,0.11655214337248467,0.11662440660640895,0.11669668042828658,0.11676896487287629,0.11684125996692105,0.11691356572903278,0.11698588216960618,0.11705820929076004,0.11713054708630241,0.11720289554171812,0.11727525463417672,0.11734762433255866,0.11742000459749832,0.11749239538144132,0.11756479662871598,0.11763720827561708,0.11770963025049962,0.11778206247388305,0.1178545048585641,0.11792695730973667,0.11799941972511932,0.11807189199508789,0.11814437400281387,0.11821686562440674,0.11828936672906022,0.11836187717920216,0.11843439683064615,0.11850692553274635,0.118579463128553,0.11865200945496987,0.11872456434297944,0.11879712761933527,0.1188696991308694,0.11894227875107649,0.11901486640013359,0.11908746202697315,0.1191600656088843,0.1192326771479559,0.11930529666781406,0.11937792421063222,0.11945055983439462,0.11952320361039163,0.11959585562093185,0.11966851595725364,0.1197411847176205,0.11981386200558762,0.11988654792842536,0.1199592425956882,0.12003194611791827,0.12010465860547241,0.12017738016746382,0.12025011091080935,0.12032285093937373,0.12039560035320357,0.1204683592478443,0.12054112771373258,0.12061390583565934,0.1206866936922966,0.1207594913557844,0.12083229889137105,0.12090511635710437,0.12097794380356777,0.12105078127365965,0.12112362880240975,0.12119648641683238,0.12126935413581015,0.12134223197000879,0.12141511992181792,0.12148801798531599,0.1215609261462584,0.1216338443820852,0.12170677266194711,0.12177971094674858,0.12185265918920526,0.12192561733391559,0.12199858531744386,0.12207156306841499,0.12214455050761788,0.12221754754811891,0.12229055409538118,0.1223635700473925,0.12243659529479785,0.12250962972103772,0.12258267320249053,0.12265572560861873,0.12272878680211882,0.12280185663907306,0.1228749349691039,0.12294802163552992,0.12302111647552316,0.1230942193203295,0.12316732999697749,0.12324044835233804,0.12331357426062987,0.12338670764206805,0.12345984844585255,0.12353299664953984,0.1236061522554861,0.12367931528758454,0.12375248578827593,0.1238256638158112,0.12389884944174763,0.12397204274866062,0.12404524382805501,0.12411845277846087,0.12419166970369984,0.12426489471130847,0.12433812791110745,0.12441136941390495,0.12448461933032375,0.124557877769743,0.12463114483934518,0.12470442064326055,0.12477770528180133,0.12485099885077823,0.1249243014408933,0.12499761313720247,0.12507093401864294,0.12514426415761964,0.12521760361964585,0.12529095246303368,0.12536431073863163,0.12543767848960238,0.12551105575124008,0.12558444255082307,0.12565783890749854,0.12573124483219622,0.12580466032756912,0.12587808538796008,0.12595151999938797,0.1260249641395566,0.12609841777788003,0.126171880875526,0.12624535338547363,0.1263188352525845,0.126392326413686,0.1264658267976658,0.12653933632557593,0.126612854910745,0.12668638245889915,0.12675991886828844,0.12683346402982035,0.12690701782719782,0.12698058013706096,0.12705415082913477,0.12712772976637757,0.12720131680513336,0.12727491179528644,0.12734851458041682,0.1274221249979582,0.12749574287941354,0.1275693680549319,0.12764300036567455,0.1277166396894701,0.12779028594657615,0.12786393908645333,0.12793759908691832,0.1280112659505875,0.12808493970161436,0.12815862038269973,0.1282323080523543,0.1283060027823952,0.1283797046556577,0.1284534137639063,0.12852713020593026,0.1286008540858111,0.12867458551134453,0.12874832459261062,0.1288220714406764,0.1288958261664236,0.12896958887949037,0.12904335968731792,0.12911713869429536,0.1291909260009937,0.12926472170348205,0.12933852589272052,0.12941233865402377,0.12948616006658717,0.1295599902030737,0.1296338291292545,0.12970767690369972,0.12978153357751562,0.1298553991941226,0.12992927378907232,0.13000315738990084,0.13007705001601255,0.13015095167859447,0.13022486238055697,0.13029878211649962,0.13037271087269867,0.1304466486271145,0.13052059534941798,0.1305945510010338,0.13066851553519743,0.13074248889702692,0.1308164710236059,0.1308904618440785,0.13096446127975286,0.13103846924421372,0.13111248564344288,0.13118651037594653,0.13126054333288792,0.13133458439822523,0.1314086334488546,0.13148269035475627,0.13155675497914363,0.13163082717861627,0.1317049068033133,0.13177899369707008,0.13185308769757503,0.131927188636582,0.13200129634429295,0.1320754106623103,0.1321495314689655,0.13222365868454153,0.1322977922587532,0.13237193216967155,0.13244607842016673,0.13252023103464636,0.1325943900560651,0.13266855554318766,0.13274272756808464,0.13281690621384487,0.13289109157248638,0.1329652837430519,0.133039482829876,0.1331136889410077,0.13318790218678,0.13326212267851292,0.13333635052734116,0.13341058584315554,0.13348482873364978,0.1335590793034657,0.13363333765342672,0.133707603879854,0.13378187807396028,0.13385616032131217,0.13393045070135706,0.13400474928700987,0.13407905614429344,0.13415337133202979,0.13422769490157677,0.13430202689660609,0.13437636735292094,0.13445071629830868,0.1345250737524247,0.13459943972670727,0.13467381422431782,0.1347481972401071,0.13482258876060135,0.13489698876401218,0.134971397220261,0.13504581409102273,0.1351202393297833,0.13519467288191103,0.13526911468473993,0.13534356466766373,0.1354180227522407,0.13549248885230558,0.13556696287408987,0.13564144471634937,0.13571593427049675,0.1357904314207399,0.1358649360442241,0.13593944801117863,0.1360139671850664,0.13608849342273585,0.13616302657457502,0.136237566484668,0.13631211299095186,0.13638666592542523,0.13646122511599934,0.1365357904094437,0.13661036168216611,0.1366849388544801,0.13675952187634896,0.136834110726092,0.13690870540682804,0.13698330594321265,0.13705791237844836,0.13713252477154794,0.13720714319482996,0.13728176773163078,0.13735639847421607,0.13743103552187622,0.13750567897919289,0.13758032895446268,0.13765498555826552,0.1377296489021687,0.13780431909755383,0.13787899625455843,0.1379536804811232,0.13802837188213646,0.13810307055866786,0.1381777766072854,0.13825249011944793,0.13832721118096833,0.13840193987154004,0.1384766762643237,0.13855142042558838,0.13862617241440192,0.1387009322823675,0.13877570007340245,0.13885047582355553,0.1389252595608594,0.13900005130521453,0.13907485106830444,0.13914965885353558,0.13922447465600327,0.13929929846247918,0.1393741302514191,0.1394489699929891,0.13952381764910893,0.13959867317350855,0.13967353651180073,0.1397484076015634,0.13982328637243457,0.13989817274621652,0.13997306663698764,0.14004796795122318,0.14012287658792258,0.14019779243874225,0.14027271538813324,0.14034764531348423,0.1404225820852678,0.14049752556718975,0.14057247561634179,0.14064743208335478,0.14072239481255563,0.14079736364212422,0.14087233840429722,0.1409473189271441,0.14102230505763602,0.14109729667277487,0.14117229369289344,0.1412472960681968,0.14132230377724656,0.14139731682340323,0.1414723352315641,0.14154735904517368,0.141622388323486,0.1416974231390613,0.14177246357547724,0.1418475097252407,0.14192256168788314,0.1419976195682275,0.1420726834748112,0.1421477535184551,0.14222282981096712,0.14229791246396956,0.14237300158784053,0.14244809729076105,0.1425231996778598,0.1425983088504468,0.1426734249053302,0.14274854793420882,0.14282367802313528,0.14289881525204293,0.14297395969433224,0.1430491114165119,0.14312427047788903,0.14319943693030643,0.14327461081792067,0.14334979217701982,0.14342498103587564,0.14350017741462748,0.14357538132519795,0.14365059277123216,0.14372581174806412,0.143801038242704,0.14387627223384644,0.1439515136918957,0.14402676257900973,0.14410201884915674,0.14417728244818773,0.14425255331391834,0.14432783137622482,0.14440311655714705,0.1444784087710012,0.14455370792450015,0.14462901391688077,0.1447043266400367,0.14477964597865658,0.14485497181036594,0.1449303040058748,0.14500564242912575,0.1450809869374473,0.14515633738170744,0.14523169360646934,0.14530705545014966,0.14538242274521834,0.14545779532203215,0.14553317302346633,0.14560855572925252,0.1456839433597653,0.14575933586544523,0.1458347332250894,0.14591013544229378,0.14598554254219095,0.14606095456846035,0.14613637158059153,0.1462117936513795,0.146287220864637,0.14636265331310575,0.14643809109655198,0.14651353432003325,0.14658898309232146,0.14666443752447206,0.14673989772852733,0.14681536381634383,0.14689083589853386,0.1469663140835125,0.14704179847664264,0.14711728917946817,0.14719278628903085,0.14726828989726345,0.14734380009045225,0.1474193169487642,0.1474948405458331,0.14757037094840098,0.14764590821600831,0.1477214524007312,0.1477970035469591,0.14787256169121335,0.1479481268619983,0.14802369907968635,0.14809927835643286,0.14817486469611532,0.1482504580943005,0.14832605853823103,0.14840166600683388,0.14847728047074538,0.14855290189235557,0.14862853022586528,0.1487041654173569,0.14877980740487845,0.1488554561185378,0.1489311114806062,0.14900677340563168,0.14908244180055863,0.14915811656485536,0.14923379759064687,0.14930948476285294,0.14938517795933032,0.14946087705101999,0.14953658190209562,0.14961229237011642,0.14968800830618115,0.14976372955508388,0.1498394559554716,0.14991518734004064,0.14999092353927415,0.15006666439630706,0.1501424097913697,0.15021815964487778,0.1502939139075016,0.15036967255826833,0.15044543560100382,0.15052120306107009,0.15059697498237645,0.15067275142464195,0.15074853246089093,0.15082431817516534,0.15090010866043638,0.1509759040166993,0.15105170434924076,0.15112750976706177,0.1512033203814464,0.1512791363046658,0.15135495764880522,0.15143078452470565,0.15150661704101076,0.15158245530331163,0.15165829941338033,0.1517341494684871,0.15181000556079258,0.1518858677768113,0.15196173619693792,0.15203761089503445,0.15211349193807044,0.15218937938581398,0.1522652732905687,0.1523411736969518,0.15241708064171172,0.1524929941535801,0.15256891425315666,0.15264484095282366,0.15272077425668576,0.15279671416053667,0.15287266065184563,0.1529486137097663,0.1530245733051619,0.153100539400649,0.15317651195065465,0.15325249090148763,0.15332847619142226,0.15340446775079242,0.1534804655020956,0.1535564693601059,0.15363247923199336,0.15370849501745226,0.153784516608833,0.15386054389128118,0.15393657674287906,0.15401261503479283,0.15408865863142168,0.1541647073905499,0.15424076116350138,0.1543168197952953,0.1543928831248037,0.1544689509849439,0.1545450232062432,0.154621099632242,0.15469718014359018,0.15477326466073654,0.15484935313457582,0.1549254455443592,0.1550015418941367,0.15507764220949485,0.15515374653456665,0.15522985492929497,0.15530596746692787,0.1553820842317315,0.15545820531690024,0.15553433082265328,0.15561046085450048,0.15568659552166605,0.15576273493565754,0.15583887920896936,0.15591502845390962,0.1559911827815423,0.1560673423007339,0.15614350711729835,0.15621967733323064,0.15629585304602334,0.15637203434805982,0.15644822132607675,0.15652441406069145,0.15660061262598796,0.1566768170891579,0.15675302751019154,0.15682924394161443,0.1569054664282657,0.15698169500711529,0.15705792970711674,0.15713417054909135,0.1572104175456429,0.15728667070109742,0.1573629300114698,0.1574391954644507,0.1575154670394148,0.15759174470744636,0.1576680284313828,0.1577443181658722,0.15782061385744392,0.15789691544459292,0.15797322285787377,0.1580495360200047,0.15812585484597957,0.15820217924318908,0.15827850911154762,0.15835484434362568,0.1584311848247889,0.15850753043333957,0.1585838810406637,0.15866023651138,0.15873659670349266,0.1588129614685449,0.1588893306517754,0.15896570409227562,0.15904208162317918,0.15911846307499625,0.15919484829177738,0.1592712371545317,0.15934762958373416,0.15942402553049853,0.15950042497429473,0.15957682791939132,0.15965323439159343,0.15972964443525262,0.15980605811052997,0.1598824754908922,0.15995889666082327,0.16003532171373586,0.16011175075006692,0.16018818387554462,0.1602646211996108,0.16034106283399055,0.16041750889139608,0.16049395948435324,0.16057041472414313,0.16064687471984992,0.16072333957750454,0.16079980939931926,0.16087628428300382,0.16095276432115868,0.16102924960073714,0.1611057402025736,0.16118223620096853,0.16125873766333054,0.16133524464986623,0.1614117572133176,0.16148827539874022,0.1615647992433203,0.16164132877622747,0.16171786401849939,0.1617944049829554,0.16187095167413762,0.16194750408827688,0.16202406221327947,0.16210062602873565,0.16217719550594534,0.1622537706079615,0.16233035128964726,0.1624069374977474,0.16248352917097214,0.16256012624009106,0.16263672862803727,0.16271333625001974,0.16278994901364383,0.16286656681903894,0.1629431895589899,0.163019817119077,0.16309644937781695,0.16317308620681004,0.1632497274708894,0.16332637302827338,0.16340302273071944,0.16347967642368022,0.16355633394646082,0.1636329951324053,0.1637096598121241,0.16378632782994174,0.16386299906731444,0.1639396734447542,0.1640163509135885,0.1640930314535002,0.16416971506897146,0.16424640178601999,0.1643230916492105,0.1643997847189172,0.16447648106881926,0.16455318078361383,0.1646298839569259,0.16470659068940516,0.1647833010869919,0.16486001525934074,0.16493673331838898,0.16501345537706094,0.16509018154809454,0.16516691194298308,0.16524364667102248,0.1653203858384555,0.16539712954770627,0.16547387789669618,0.16555063097823705,0.165627388879494,0.1657041516815126,0.16578091945880472,0.16585769227899005,0.16593447020248656,0.16601125328224728,0.16608804156353846,0.16616483508375732,0.16624163387228438,0.16631843795036783,0.16639524733103772,0.1664720620190468,0.1665488820108361,0.16662570729452228,0.1667025378499058,0.16677937364849676,0.16685621465355818,0.16693306082016304,0.16700991209526647,0.1670867684177881,0.16716362971870738,0.167240495921167,0.1673173669405854,0.16739424268477762,0.16747112305408202,0.16754800794149313,0.16762489723280016,0.16770179080672898,0.1677786885350888,0.16785559028292202,0.1679324959086553,0.16800940526425515,0.1680863181953827,0.16816323454155183,0.16824015413631166,0.16831707681031716,0.16839400240826305,0.16847093081199468,0.16854786194205676,0.16862479574998443,0.16870173221566875,0.16877867134379954,0.16885561316060255,0.16893255771085008,0.16900950505512397,0.16908645526731111,0.16916340843231556,0.16924036464396996,0.16931732400313124,0.1693942866159469,0.16947125259227852,0.16954822204427056,0.16962519508505391,0.1697021718275736,0.16977915238352953,0.16985613686242437,0.1699331253707075,0.1700101180110094,0.1700871148814576,0.17016411607507081,0.17024112167921981,0.17031813177515653,0.17039514643759873,0.17047216573437216,0.17054918972610067,0.1706262184659428,0.17070325199937103,0.17078029036398776,0.17085733358937918,0.17093438169699862,0.17101143470008193,0.17108849260358677,0.17116555540415948,0.17124262309012173,0.1713196956414791,0.17139677302994652,0.17147385521899183,0.1715509421638928,0.17162803381180908,0.17170513010186508,0.1717822309652443,0.17185933632529415,0.17193644609763745,0.17201356019029324,0.172090678503804,0.1721678009313684,0.17224492735897975,0.1723220576655676,0.1723991917231453,0.17247632939695828,0.17255347054563733,0.1726306150213524,0.17270776266996807,0.17278491333120147,0.17286206683880162,0.17293922302241907,0.17301638172925476,0.1730935428404205,0.17317070627649314,0.1732478719892112,0.173325039958669,0.1734022101897593,0.1734793827089108,0.17355655756109883,0.173633734807108,0.1737109145210279,0.173788096787965,0.17386528170195478,0.1739424693640565,0.17401965988061996,0.17409685336170885,0.17417404991966987,0.17425124966783617,0.1743284527193547,0.1744056591861272,0.17448286917785796,0.1745600828011981,0.17463730015897974,0.17471452134953208,0.17479174646607484,0.17486897559618061,0.1749462088213023,0.1750234462163588,0.17510068784937718,0.17517793378118202,0.17525518406513282,0.1753324387469026,0.1754096978642948,0.175486961447096,0.17556422951696019,0.17564150208732318,0.17571877916334364,0.17579606074186774,0.17587334681141736,0.17595063735219812,0.17602793233612501,0.17610523172686574,0.17618253547989796,0.17625984354258092,0.17633715585423868,0.17641447234625435,0.17649179294217449,0.1765691175578216,0.17664644610141397,0.17672377847369322,0.17680111456805714,0.17687845427069776,0.17695579746074377,0.17703314401040746,0.17711049378513294,0.17718784664374954,0.17726520243862573,0.17734256101582482,0.1774199222152623,0.17749728587088245,0.17757465181339163,0.17765201988827037,0.1777293899780729,0.17780676200340811,0.17788413591621222,0.17796151169677657,0.17803888935019152,0.17811626890308283,0.17819365040062313,0.17827103390379387,0.17834841948688165,0.17842580723519025,0.17850319724295158,0.17858058961142179,0.17865798444714742,0.17873538186038873,0.17881278196368874,0.17889018487057717,0.17896759069439755,0.1790449995472477,0.17912241153902816,0.17919982677658616,0.17927724536294998,0.17935466739664474,0.17943209297108592,0.17950952217404212,0.17958695508716194,0.17966439178556,0.17974183233745863,0.17981927680387802,0.17989672523837325,0.17997417768681273,0.18005163418719505,0.180129094769502,0.1802065594555826,0.18028402825906772,0.18036150118531116,0.18043897823135382,0.18051645938591232,0.18059394462938713,0.18067143393388793,0.18074892726327665,0.1808264245732256,0.1809039258112886,0.18098143091698368,0.18105893982188845,0.18113645244974363,0.18121396871656573,0.18129148853076701,0.18136901179328294,0.18144653839770525,0.1815240682304199,0.18160160117074897,0.18167913709109834,0.18175667585710575,0.18183421732779412,0.18191176135572512,0.18198930778715522,0.18206685646219326,0.18214440721497333,0.18222195987625117,0.1822995142918345,0.1823770703446462,0.18245462795532483,0.18253218707599914,0.1826097476871536,0.18268730979407088,0.18276487342356948,0.18284243862101418,0.18292000544757894,0.18299757397774255,0.1830751442970008,0.18315271649977793,0.18323029068752203,0.18330786696697143,0.18338544544857838,0.18346302624507785,0.18354060947019102,0.18361819523745276,0.1836957836591528,0.1837733748453832,0.18385096890318234,0.1839285659357698,0.18400616604186207,0.1840837693150658,0.18416137584334033,0.1842389857085254,0.18431659898592662,0.18439421574395704,0.18447183604382772,0.18454945993928434,0.18462708747638565,0.1847047186933211,0.18478235362026246,0.18485999227924954,0.18493763468410343,0.1850152808403676,0.1850929307452735,0.1851705843877276,0.18524824174832055,0.18532590279935168,0.18540356750487264,0.18548123582074552,0.18555890769471384,0.18563658306648514,0.18571426186782639,0.1857919440226678,0.1858696294472153,0.18594731805006998,0.18602500973235692,0.1861027043878566,0.186180401903144,0.1862581021577303,0.18633580502420996,0.18641351036840964,0.18649121804954086,0.18656892792035393,0.18664663982729385,0.1867243536106578,0.18680206910476552,0.18687978614041972,0.18695750456375415,0.18703522425803942,0.18711294514394872,0.18719066717379898,0.18726839032826229,0.18734611461280912,0.18742384005444568,0.1875015666987246,0.18757929460700723,0.18765702385395977,0.18773475452526564,0.18781248671553624,0.18789022052640694,0.1879679560648033,0.18804569344136457,0.18812343276901267,0.18820117416165583,0.18827891773301583,0.18835666359556918,0.18843441185959428,0.18851216263231657,0.1885899160171419,0.18866767211297336,0.1887454310136037,0.18882319280717885,0.18890095757572475,0.1889787253947332,0.1890564963328031,0.18913427045133172,0.18921204780425047,0.189289828437804,0.18936761239036742,0.18944539969229848,0.18952319036582221,0.18960098442494555,0.18967878187539713,0.1897565827145939,0.1898343869316278,0.18991219450727428,0.18999000541401778,0.19006781961609548,0.19014563706955417,0.190223457722322,0.1903012815142916,0.1903791083774148,0.19045693823580637,0.19053477100585647,0.19061260659635124,0.19069044490859977,0.190768285836567,0.19084612926701228,0.190923975079631,0.19100182314720154,0.19107967333573483,0.19115752550462597,0.19123537950680958,0.1913132351889141,0.19139109239142066,0.19146895094882974,0.19154681069157578,0.19162467146698375,0.1917025331581916,0.19178039568590408,0.19185825900262193,0.19193612308920094,0.19201398795129476,0.1920918536160932,0.19216972012933214,0.1922475875525564,0.19232545596061532,0.19240332543937524,0.1924811960836306,0.19255906799519953,0.19263694128119074,0.19271481605242596,0.1927926924220096,0.19287057050403286,0.19294845041239966,0.19302633225976898,0.19310421615660173,0.19318210221030552,0.19325999052446824,0.19333788119817497,0.19341577432540072,0.19349366999447304,0.19357156828759983,0.19364946928045446,0.19372737304181764,0.1938052796332681,0.19388318910891877,0.1939611015151958,0.19403901689065542,0.19411693526583665,0.19419485666314593,0.19427278109677099,0.19435070857262152,0.19442863908829533,0.19450657263306512,0.19458450918788733,0.19466244872542715,0.19474039121010212,0.19481833659813946,0.19489628483764782,0.19497423586870016,0.19505218962342857,0.19513014602612802,0.1952081049933688,0.19528606643411686,0.19536403024986151,0.19544199633474743,0.19551996457571377,0.1955979348526355,0.1956759070384706,0.19575388099940977,0.1958318565950275,0.19590983367843778,0.1959878120964483,0.1960657916897193,0.1961437722929275,0.1962217537366983,0.19629973586837357,0.19637771857156913,0.19645570176702296,0.1965336854074143,0.19661166947377773,0.19668965397194565,0.19676763892928623,0.19684562439171374,0.19692361042095113,0.19700159709202633,0.19707958449098392,0.19715757271279608,0.19723556185945937,0.19731355203826015,0.19739154336019812,0.1974695359385558,0.1975475298876017,0.19762552532141756,0.19770352235283992,0.19778152109250735,0.1978595216480045,0.19793752412309681,0.19801552861704674,0.19809353522400644,0.19817154403248047,0.1982495551248537,0.19832756857697664,0.1984055844578069,0.1984836028290997,0.19856162374514497,0.1986396472525455,0.19871767339003407,0.19879570218832612,0.19887373367000444,0.19895176784943328,0.19902980473269846,0.19910784431757406,0.19918588659350905,0.19926393154163557,0.1993419791347949,0.19942002933758038,0.19949808210639525,0.19957613738952382,0.19965419512721488,0.19973225525177588,0.19981031768767712,0.1998883823516646,0.19996644915287967,0.20004451799298673,0.2001225887663057,0.200200661359951,0.20027873565397245,0.20035681152150328,0.20043488882890878,0.20051296743593836,0.20059104719588097,0.20066912795571873,0.20074720955628658,0.20082529183243333,0.20090337461509886,0.20098145775133944,0.2010595411254251,0.20113762465812496,0.20121570830229227,0.20129379203913494,0.2013718758746593,0.20144995983640698,0.20152804397046573,0.2016061283387321,0.20168421301640685,0.2017622980897082,0.20184038365378149,0.20191846981079647,0.20199655666821242,0.20207464433720232,0.20215273293122116,0.20223082256471073,0.2023089133519256,0.20238700540587512,0.2024650988373702,0.2025431937541682,0.20262129026020728,0.20269938845492208,0.20277748843263746,0.20285559028203015,0.20293369408565734,0.2030117999195417,0.20308990785281275,0.20316801794739814,0.2032461302577597,0.20332424483067213,0.20340236170503997,0.20348048091175053,0.20355860247355834,0.20363672640499914,0.20371485271233042,0.20379298139349786,0.20387111243812187,0.20394924582750584,0.2040273815346625,0.20410551952435624,0.20418365975316163,0.2042618021695341,0.20433994671389316,0.20441809331871774,0.20449624190864876,0.2045743924006029,0.20465254470389246,0.2047306987203526,0.20480885434447355,0.20488701146354046,0.20496516995777356,0.20504332970047662,0.205121490558185,0.20519965239081867,0.20527781505183648,0.2053559783883911,0.20543414224148718,0.20551230644614119,0.20559047083333237,0.20566863525046392,0.2057467995820529,0.20582496374890247,0.2059031277040354,0.20598129142883,0.20605945492946212,0.20613761823364346,0.2062157813876315,0.2062939444534922,0.2063721075065962,0.20645027063333107,0.2065284339290118,0.20660659749597726,0.2066847614418561,0.20676292587799047,0.2068410909180046,0.2069192566765092,0.2069974232679278,0.20707559080543864,0.20715375940002137,0.20723192915960217,0.207310100188288,0.20738827258568202,0.2074664464462772,0.20754462185891925,0.2076227989063335,0.2077009776647107,0.2077791582033491,0.20785734058434413,0.20793552486232544,0.20801371108423597,0.2080918992891481,0.20817008950811702,0.20824828176406507,0.20832647607169563,0.20840467243743382,0.20848287085939254,0.20856107132736,0.2086392738228067,0.20871747831891288,0.20879568478061017,0.20887389316464014,0.20895210341962542,0.2090303154861527,0.2091085292968671,0.20918674477657725,0.20926496184236631,0.20934318040371303,0.2094214003626193,0.20949962161374241,0.2095778440445335,0.20965606753537944,0.20973429195975007,0.20981251718434737,0.20989074306925726,0.20996896946810473,0.21004719622820842,0.2101254231907392,0.2102036501908766,0.21028187705976553,0.2103601036448502,0.2104383298310744,0.21051655553927356,0.21059478072263643,0.21067300536270633,0.2107512294658248,0.21082945305986875,0.21090767619126063,0.21098589892223182,0.21106412132831823,0.21114234349607228,0.21122056552097385,0.21129878750552666,0.2113770095575243,0.21145523178847345,0.2115334543121631,0.21161167724336852,0.21168990069667792,0.21176812478543397,0.21184634962078067,0.21192457531080852,0.2120028019597884,0.21208102966748804,0.21215925852856435,0.212237488632027,0.21231572006076532,0.21239395289113394,0.21247218719259484,0.21255042302740737,0.21262866045036474,0.2127068995085734,0.21278514024126952,0.2128633826796714,0.21294162684686507,0.2130198727577168,0.2130981204188152,0.21317636982843666,0.21325462097653206,0.21333287384473512,0.21341112840638896,0.21348938462658812,0.21356764246223708,0.21364590186212098,0.21372416276698944,0.2138024251096502,0.21388068881507402,0.21395895380050686,0.21403721997558997,0.21411548724248736,0.21419375549601855,0.21427202462379688,0.21435029450637152,0.21442856501737426,0.214506836023669,0.21458510738550376,0.21466337895666507,0.2147416505846334,0.21481992211074152,0.21489819337032803,0.21497646419423314,0.21505473443078182,0.21513300396498777,0.21521127271771764,0.21528954064232067,0.21536780772050046,0.2154460739587592,0.21552433938513407,0.21560260404620754,0.21568086800437125,0.21575913133532115,0.21583739412576974,0.21591565647135702,0.2159939184747468,0.2160721802438924,0.21615044189046037,0.2162287035283996,0.2163069652726452,0.21638522723794515,0.21646348953780123,0.21654175228351752,0.216620015583344,0.21669827954171114,0.21677654425854578,0.2168548098286642,0.21693307634123551,0.2170113438793083,0.21708961251939649,0.21716788233112105,0.21724615337690023,0.21732442571168661,0.21740269938274542,0.2174809744294717,0.21755925088324296,0.21763752876730338,0.21771580809667854,0.2177940888781157,0.21787237111004937,0.2179506547825894,0.21802893987752792,0.21810722636836635,0.2181855142203579,0.21826380339056498,0.2183420938279313,0.21842038547336437,0.2184986782598304,0.2185769721124581,0.21865526694865145,0.21873356267820968,0.21881185920345475,0.21889015641936366,0.21896845421370795,0.21904675246719427,0.21912505105361207,0.21920334983998307,0.21928164868671246,0.2193599474477446,0.21943824597071732,0.2195165440971204,0.21959484166244753,0.21967313849817807,0.2197514344518047,0.21982972940910253,0.21990802329097153,0.219986316050919,0.2200646076708063,0.22014289815729277,0.22022118753857342,0.22029947586138843,0.22037776318828672,0.2204560495951217,0.22053433516876295,0.22061262000500778,0.2206909042066769,0.22076918788188094,0.2208474711424433,0.22092575410246976,0.22100403687705206,0.22108231958109487,0.22116060232825693,0.22123888522999854,0.22131716839472632,0.22139545192702687,0.22147373592698374,0.22155202048956954,0.22163030570410933,0.22170859165380782,0.22178687841533487,0.2218651660584677,0.22194345464578027,0.22202174423238094,0.2221000348656908,0.22217832658526032,0.22225661942262281,0.2223349134011779,0.22241320853610663,0.2224915048343116,0.22256980229438247,0.22264810090658443,0.22272640065286475,0.22280470150687987,0.22288300343403808,0.22296130639155676,0.2230396103285343,0.22311791518603313,0.22319622089717403,0.22327452738724046,0.22335283457379096,0.22343114236677927,0.2235094506686818,0.22358775937462996,0.22366606837254938,0.223744377543301,0.22382268676082837,0.22390099589230714,0.22397930479829675,0.2240576133328954,0.22413592134389468,0.2242142286729384,0.2242925351556716,0.22437084062373142,0.22444914492464307,0.22452744794457347,0.2246057496044568,0.22468404985795376,0.22476234868707876,0.22484064609864482,0.22491894212099978,0.224997236801037,0.2250755302014584,0.22515382239827011,0.22523211347849476,0.22531040353808243,0.2253886926800068,0.22546698101253088,0.22554526864763072,0.22562355569956474,0.22570184228357718,0.22578012851472495,0.22585841450681923,0.2259367003714726,0.22601498621724375,0.2260932721488716,0.22617155826659158,0.22624984466552828,0.22632813143515876,0.22640641865883948,0.22648470641339224,0.22656299476874567,0.22664128378762585,0.22671957352529232,0.22679786402931768,0.22687615533940417,0.22695444748723625,0.22703274049636482,0.22711103438212218,0.22718932915156229,0.22726762480342574,0.22734592132812886,0.22742421870776994,0.22750251691615617,0.22758081591884666,0.22765911567320976,0.22773741612849438,0.22781571722591376,0.22789401889873928,0.22797232107240473,0.22805062366461915,0.22812892658548656,0.22820722973763377,0.22828553301634252,0.22836383630968854,0.22844213949868297,0.2285204424574193,0.22859874505322322,0.22867704714680412,0.22875534859240984,0.22883364923798188,0.22891194892531375,0.22899024749019772,0.22906854476442506,0.22914684059555224,0.22922513487012852,0.22930342750912083,0.22938171846633884,0.22946000772394684,0.22953829528890649,0.22961658118971504,0.2296948654734146,0.2297731482028565,0.22985142945419565,0.2299297093146036,0.23000798788017904,0.23008626525404471,0.230164541544612,0.23024281686400563,0.2303210913266325,0.23039936504788552,0.23047763814296987,0.23055591072584525,0.2306341829082723,0.23071245479895805,0.23079072650278953,0.23086899812015033,0.23094726974631297,0.2310255414709026,0.23110381337742344,0.23118208554284506,0.2312603580372442,0.23133863092349422,0.23141690425700262,0.23149517808548956,0.2315734524488047,0.23165172737877984,0.23173000289911336,0.23180827902528514,0.23188655576449602,0.23196483311563393,0.2320431110692622,0.23212138960762643,0.23219966870468076,0.23227794832613102,0.23235622842949252,0.23243450896416118,0.23251278987149673,0.23259107108491742,0.23266935253000362,0.23274763412461086,0.23282591577898976,0.23290419739591336,0.2329824788708099,0.23306076009190135,0.23313904094034504,0.23321732129038092,0.23329560100948069,0.23337387995849948,0.23345215799183155,0.23353043495756395,0.23360871069763636,0.2336869850479849,0.23376525783983473,0.23384352892215562,0.2339217981812186,0.23400006553802127,0.23407833094651836,0.2341565943890191,0.23423485587262988,0.2343131154259931,0.2343913730962958,0.2344696289465337,0.23454788305300675,0.23462613550303096,0.23470438639284988,0.23478263582573045,0.23486088391022897,0.23493913075861428,0.235017376485438,0.23509562120623698,0.23517386503636087,0.23525210808991356,0.2353303504788002,0.23540859231187158,0.2354868336941589,0.23556507472618954,0.23564331550338039,0.23572155611550014,0.23579979664619705,0.23587803717258454,0.23595627776488284,0.23603451848610896,0.23611275939181414,0.23619100052986214,0.23626924194024607,0.23634748365494115,0.23642572569778925,0.23650396808441335,0.23658221082215772,0.23666045391005355,0.23673869733880737,0.23681694109080767,0.23689518514015168,0.23697342945268834,0.23705167398607602,0.23712991868985317,0.23720816350552262,0.23728640836664525,0.23736465319894423,0.23744289792041767,0.2375211424414587,0.23759938666498284,0.23767763048656088,0.23775587379455723,0.23783411647027183,0.23791235838808647,0.23799059941561534,0.2380688394138557,0.23814707823734385,0.23822531573430927,0.23830355174683301,0.23838178611099148,0.23846001865808014,0.23853824923725075,0.23861647773505984,0.2386947040725361,0.23877292820377546,0.23885115011122893,0.23892936980214496,0.23900758730530683,0.23908580266804336,0.2391640159534915,0.23924222723809238,0.23932043660930366,0.2393986441635097,0.23947685000411884,0.23955505423982826,0.23963325698304797,0.23971145834847055,0.23978965845177375,0.23986785740844793,0.239946055332738,0.24002425233668945,0.24010244852929435,0.24018064401572398,0.24025883889664656,0.24033703326761927,0.24041522721855133,0.24049342083323144,0.24057161418891315,0.24064980735595723,0.24072800039752076,0.24080619336929512,0.2408843863192841,0.24096257928762072,0.24104077230642035,0.24111896539966482,0.24119715858311686,0.24127535186426047,0.24135354524226685,0.24143173870798165,0.24150993224393344,0.241588125824359,0.2416663194152466,0.2417445129743939,0.24182270645147894,0.24190089978814366,0.2419790929180883,0.24205728576717533,0.2421354782535418,0.24221367028772006,0.24229186177276493,0.2423700526043858,0.2424482426710858,0.24252643185430392,0.242604620028561,0.2426828070616096,0.24276099281458574,0.2428391771421644,0.24291735989271354,0.24299554090845285,0.24307372002559458,0.24315189707544074,0.2432300719074429,0.24330824440837678,0.24338641449930168,0.2434645821344517,0.24354274729641606,0.24362090999258068,0.2436990702518672,0.24377722812174196,0.24385538366548004,0.24393353695966036,0.24401168809187815,0.24408983715865543,0.24416798426353808,0.24424612951536087,0.24432427302667126,0.24440241491229908,0.2444805552880596,0.24455869426958066,0.24463683197124417,0.244714968505233,0.24479310398067589,0.24487123850288164,0.24494937217265528,0.24502750508569082,0.24510563733203444,0.24518376899561176,0.24526190015381324,0.2453400308771359,0.24541816122887383,0.245496291264855,0.24557442103321955,0.24565255057423713,0.24573067992015943,0.24580880909510464,0.2458869381149717,0.24596506698738108,0.24604319571163988,0.24612132427873015,0.24619945267131643,0.24627758086377138,0.24635570882221938,0.246433836504594,0.24651196386070895,0.2465900908323421,0.24666821735332925,0.2467463433496685,0.24682446873963268,0.24690259343388965,0.24698071733562948,0.24705884034069717,0.24713696233773136,0.247215083208306,0.24729320282707737,0.24737132106193327,0.24744943777414471,0.2475275528185218,0.24760566604356743,0.24768377729163651,0.2477618863990744,0.24783999319726133,0.24791809753580302,0.24799619930174863,0.24807429841619175,0.24815239483350102,0.2482304885364003,0.24830857953241006,0.24838666785058636,0.24846475353852968,0.24854283665964977,0.24862091729065974,0.24869899551928895,0.2487770714421937,0.24885514516305385,0.24893321679083846,0.2490112864382286,0.24908935422018832,0.2491674202526668,0.24924548465142546,0.24932354753098002,0.2494016090036472,0.24947966917868922,0.24955772816154842,0.24963578605316353,0.24971384294936202,0.2497918989403234,0.2498699541101066,0.24994800853623533,0.2500260622893401,0.2501041154328478,0.2501821680227196,0.2502602201072289,0.2503382717267783,0.25041632291375254,0.25049437369240246,0.2505724240787602,0.25065047408057806,0.2507285236972966,0.25080657292003067,0.2508846217315771,0.2509626701064411,0.25104071801087957,0.25111876540295847,0.25119681223262397,0.2512748584417861,0.2513529039644127,0.25143094872663435,0.251508992646856,0.2515870356358779,0.2516650775970217,0.25174311842626473,0.2518211580123772,0.25189919623706514,0.25197723297511626,0.2520552680945505,0.2521333014567707,0.25221133291671755,0.2522893623230263,0.25236738951818377,0.252445414338664,0.2525234366169668,0.25260145620080926,0.25267947297848725,0.25275748687112953,0.25283549783323606,0.25291350584766237,0.2529915109220603,0.2530695130856174,0.2531475123860659,0.25322550888694656,0.2533035026651035,0.2533814938083972,0.25345948241361493,0.25353746858456777,0.25361545243035516,0.25369343406378997,0.25377141359996674,0.253849391154965,0.253927366844677,0.25400534078374915,0.2540833130846287,0.25416128385670844,0.2542392532055607,0.25431722123225514,0.25439518803274935,0.25447315369735346,0.25455111831025556,0.25462908194911044,0.254707044684678,0.2547850065805154,0.2548629676927136,0.25494092806967605,0.25501888775193504,0.2550968467720049,0.25517480515426644,0.255252762914881,0.25533072006173096,0.25540867659438593,0.25548663250409015,0.2555645877737703,0.25564254237806056,0.25572049628334703,0.2557984494478252,0.2558764018215703,0.2559543533466211,0.2560323039570748,0.2561102535791908,0.25618820213150284,0.25626614952493965,0.2563440956629525,0.2564220404416466,0.2564999837499214,0.256577925469611,0.25665586547563224,0.2567338036361328,0.25681173981264466,0.25688967386023664,0.2569676056276721,0.257045534957566,0.25712346168651934,0.2572013856471163,0.2572793066871929,0.2573572246953273,0.25743513959267667,0.25751305133386915,0.25759095990188774,0.2576688653045123,0.2577467675710576,0.25782466674938403,0.2579025629031601,0.25798045610935655,0.25805834645596215,0.2581362340398914,0.25821411896508234,0.2582920013407623,0.258369881279871,0.25844775889763005,0.2585256343102463,0.2586035076337389,0.25868137898288124,0.2587592484702474,0.2588371162053578,0.25891498229391136,0.25899284683710405,0.2590707099310207,0.2591485716660972,0.2592264321266491,0.2593042913904573,0.25938214952840827,0.2594600066041856,0.2595378626740073,0.2596157177864026,0.25969357198202947,0.25977142529352953,0.25984927774540917,0.2599271293539561,0.2600049801271784,0.2600828300647721,0.26016067915810703,0.2602385273902356,0.2603163747359182,0.26039422116166644,0.2604720666258015,0.26054991107852443,0.2606277544619997,0.26070559671044996,0.26078343775025986,0.260861277500089,0.2609391158709913,0.26101695276654296,0.26109478808297526,0.26117262170931177,0.2612504535275128,0.26132828341261966,0.2614061112329053,0.26148393685002647,0.2615617601191771,0.2616395808892457,0.26171739900297175,0.2617952142970788,0.26187302660430195,0.26195083577246814,0.26202864169047874,0.2621064442795263,0.26218424349436337,0.2622620393180976,0.2623398317586332,0.26241762084540954,0.262495406626411,0.2625731891654298,0.26265096853956194,0.262728744836919,0.2628065181545406,0.26288428859648877,0.26296205627211416,0.26303982129448084,0.2631175837789343,0.2631953438418051,0.263273101599236,0.2633508571661243,0.26342861065516787,0.2635063621760098,0.263584111834473,0.2636618597318773,0.2637396059644302,0.2638173506226921,0.26389509379110127,0.2639728355475616,0.26405057596308296,0.2641283151014723,0.26420605301907013,0.2642837897645287,0.26436152537862995,0.26443925989413714,0.2645169933356805,0.26459472571967,0.2646724570542369,0.2647501873391995,0.2648279165660506,0.2649056447179652,0.2649833717698258,0.2650610976882672,0.26513882243173265,0.26521654595054545,0.2652942681869926,0.265371989075419,0.26544970854233135,0.26552742650651157,0.26560514287913567,0.26568285756390225,0.26576057045716395,0.2658382814480671,0.26591599041869324,0.2659936972442059,0.2660714017929994,0.26614910392685276,0.26622680350108135,0.2663045003646954,0.26638219436055566,0.2664598853255063,0.26653757309243364,0.2666152575091368,0.2666929384648518,0.2667706158807999,0.26684828971185487,0.26692595994124513,0.2670036265769965,0.26708128964866906,0.26715894920436833,0.2672366053080081,0.2673142580368046,0.2673919074789908,0.2674695537317269,0.2675471968991956,0.26762483709086843,0.2677024744199303,0.26778010900184696,0.2678577409530701,0.2679353703898626,0.26801299742724227,0.2680906221780274,0.26816824475198203,0.2682458652550488,0.2683234837886675,0.2684011004491666,0.2684787153272264,0.268556328507405,0.2686339400677264,0.26871155007932074,0.2687891586061146,0.2688667657045684,0.2689443714234548,0.2690219758036747,0.269099578878112,0.2691771806715161,0.2692547812004165,0.269332380473064,0.26940997848939674,0.26948757524102696,0.26956517071124914,0.26964276487506533,0.2697203576992292,0.2697979491423031,0.26987553915473,0.26995312767891594,0.2700307146493249,0.27010829999258273,0.2701858836275905,0.27026346546564284,0.2703410454105573,0.2704186233588055,0.2704961991996527,0.2705737728152988,0.2706513440810264,0.2707289128653485,0.2708064790301625,0.27088404243090225,0.2709616029166966,0.2710391603305247,0.2711167145093474,0.2711942652833267,0.2712718125058953,0.27134935606385197,0.27142689587844987,0.27150443190468004,0.27158196412588825,0.27165949255021754,0.27173701720734544,0.2718145381454944,0.2718920554286951,0.27196956913428105,0.2720470793506026,0.27212458617493673,0.27220208971158316,0.2722795900701305,0.27235708736388003,0.27243458170841506,0.2725120732203034,0.27258956201592555,0.27266704821041526,0.2727445319167081,0.2728220132446841,0.27289949230040345,0.2729769691854224,0.27305444399618545,0.27313191682348914,0.2732093877520089,0.2732868568598851,0.27336432421836404,0.2734417898914888,0.2735192539358361,0.2735967164002946,0.2736741773258819,0.2737516367455978,0.27382909468430794,0.27390655115865803,0.27398400617701507,0.27406145973943286,0.2741389118376398,0.2742163624550464,0.2742938115667705,0.274371259139682,0.2744487051324588,0.27452614949565973,0.27460359217180624,0.2746810330954784,0.2747584721934176,0.27483590938464053,0.27491334458055755,0.27499077768510133,0.27506820859485953,0.2751456371992125,0.27522306338047553,0.2753004870140467,0.2753779079685541,0.2754553261060105,0.2755327412819651,0.27561015334566186,0.27568756214019535,0.2757649675026398,0.275842369266121,0.27591976727849726,0.2759971614295808,0.27607455164065436,0.27615193786682424,0.2762293200915524,0.2763066983230968,0.27638407259125075,0.27646144294435204,0.2765388094465468,0.27661617217528406,0.27669353121902934,0.27677088667517447,0.2768482386481347,0.2769255872476132,0.27700293258702713,0.2770802747820742,0.27715761394943733,0.27723495020561145,0.2773122836658456,0.27738961444318977,0.2774669426476391,0.2775442683853676,0.2776215917580466,0.27769891286223497,0.2777762317888439,0.2778535486226627,0.2779308634419464,0.27800817631805547,0.2780854873151474,0.2781627964899129,0.27824010389135456,0.27831740956060413,0.2783947135307751,0.2784720158268472,0.2785493164655802,0.27862661545545475,0.27870391279663875,0.2787812084809735,0.27885850249198324,0.2789357948048999,0.27901308538670644,0.27909037419619487,0.27916766118403663,0.27924494629286734,0.27932222945737994,0.27939951060442925,0.2794767896531444,0.2795540665150497,0.27963134109419086,0.2797086132872679,0.27978588298377444,0.2798631500661387,0.27994041440987183,0.2800176758837146,0.2800949343497928,0.2801721896637678,0.2802494416749965,0.2803266902266859,0.28040393515602147,0.2804811762961795,0.28055841349518734,0.28063564664304724,0.2807128756610837,0.28079010050451564,0.28086732115691715,0.28094453762665783,0.2810217499436432,0.2810989581563236,0.2811761623289568,0.28125336253910377,0.2813305588753418,0.2814077514351749,0.2814849403231296,0.28156212564902117,0.2816393075263783,0.28171648607101046,0.28179366139971224,0.28187083362908966,0.28194800287450333,0.2820251692491151,0.2821023328630308,0.2821794938225366,0.28225665222941415,0.28233380818033393,0.28241096176631875,0.2824881130722687,0.28256526217654965,0.2826424091506331,0.28271955405878757,0.2827966969578147,0.28287383789682774,0.2829509769170697,0.28302811405176476,0.2831052493260028,0.2831823827566544,0.2832595143523112,0.28333664411325105,0.2834137720314266,0.2834908980904721,0.2835680222657297,0.2836451445242931,0.2837222648250641,0.28379938311882463,0.28387649934832065,0.2839536134483547,0.284030725345892,0.28410783496017206,0.2841849422028288,0.28426204697801805,0.2843391491825496,0.2844162487060272,0.2844933454309889,0.28457043923305486,0.2846475299810764,0.2847246175372883,0.284801701757462,0.2848787824910633,0.28495585958140934,0.285032932865793,0.28511000217749993,0.2851870673645913,0.2852641283173375,0.2853411849570905,0.28541823723917875,0.28549528514728517,0.28557232868988924,0.28564936789700535,0.2857264028171925,0.2858034335148176,0.2858804600675502,0.28595748256407694,0.2860345011020105,0.28611151578598587,0.2861885267259274,0.28626553403547217,0.2863425378305385,0.2864195382280292,0.2864965353446593,0.28657352929589786,0.2866505201950145,0.28672750815222364,0.2868044932739204,0.2868814756619944,0.2869584554132241,0.28703543261874054,0.28711240736355187,0.28718937972613234,0.28726634977806165,0.2873433175837157,0.28742028320000457,0.2874972466761494,0.2875742080535005,0.28765116736539015,0.28772812463701597,0.2878050798853569,0.28788203311911165,0.28795898433866535,0.2880359335360781,0.2881128806950924,0.2881898257911577,0.2882667687914744,0.2883437096550523,0.2884206483327812,0.28849758476751297,0.2885745188941583,0.28865145063978953,0.28872837992375305,0.28880530665778986,0.28888223074616287,0.28895915208578915,0.28903607056637876,0.28911298607057695,0.2891898984741109,0.28926680764593854,0.2893437134484015,0.2894206157373779,0.2894975143624405,0.2895744091670121,0.2896512999884922,0.2897281866603062,0.2898050690304832,0.2898819469895803,0.2899588204589812,0.2900356893941205,0.29011255377878775,0.29018941362156836,0.29026626895258273,0.29034311982049577,0.2904199662897811,0.2904968084382148,0.2905736463545881,0.2906504801366206,0.29072730988905315,0.2908041357219158,0.29088095774895156,0.2909577760861841,0.29103459085062217,0.29111140215908665,0.291188210127152,0.2912650148681935,0.2913418164925316,0.2914186151066658,0.291495410812592,0.2915722037071941,0.2916489938817082,0.29172578142124733,0.29180256640439156,0.2918793489028257,0.2919561289810307,0.2920329066960215,0.29210968209712473,0.2921864552257956,0.2922632261154714,0.29233999479145495,0.2924167612708293,0.2924935255623984,0.29257028766665233,0.2926470475757559,0.292723805273556,0.29280056073560645,0.29287731392921346,0.29295406481349023,0.2930308133394311,0.29310755944999317,0.2931843030801913,0.29326104415720194,0.29333778260047605,0.29341451832185866,0.2934912512257166,0.2935679812090718,0.2936447081617382,0.2937214319664656,0.29379815249908436,0.2938748696286567,0.2939515832176284,0.29402829312198137,0.29410499919139216,0.29418170126938753,0.2942583991934693,0.294335092797205,0.2944117819285847,0.29448846647844495,0.29456514636820275,0.2946418215533961,0.29471849201791817,0.2947951577704576,0.29487181884123853,0.2949484752790291,0.2950251271484058,0.2951017745272481,0.29517841750445145,0.29525505617783737,0.2953316906522505,0.295408321037824,0.2954849474484036,0.2955615700001162,0.29563818881007364,0.2957148039951993,0.2957914156711706,0.2958680239514662,0.29594462894650864,0.29602123076290066,0.29609782950274033,0.29617442526301413,0.29625101813506094,0.2963276082040968,0.29640419554880404,0.29648078024096947,0.2965573623451768,0.29663394191854325,0.2967105190104978,0.2967870936625981,0.2968636659083831,0.29694023577325845,0.2970168032744091,0.29709336842074097,0.2971699312128464,0.2972464916429921,0.29732304969512696,0.297399605344907,0.2974761585597393,0.29755270929883965,0.2976292575133042,0.2977058031461914,0.2977823461326178,0.2978588863998618,0.2979354238674757,0.2980119584474064,0.2980884900441223,0.29816501855474625,0.2982415438691939,0.2983180658703159,0.2983945844340446,0.2984710994295436,0.2985476107193595,0.29862411815957535,0.2987006215999689,0.2987771208841683,0.2988536158497742,0.2989301063286026,0.2990065921723345,0.2990830732702629,0.29915954954382945,0.29923602094867235,0.2993124874687853,0.2993889491129574,0.29946540591151244,0.29954185791331994,0.29961830518305616,0.2996947477987005,0.2997711858492486,0.2998476194326225,0.29992404865376665,0.30000047362291404,0.30007689445401065,0.30015331126328315,0.30022972416794336,0.3003061332850147,0.30038253873027443,0.30045894061730094,0.3005353390566168,0.3006117341549241,0.30068812601442074,0.3007645147321932,0.3008409003996797,0.30091728310219584,0.3009936629185236,0.3010700399205491,0.30114641417295596,0.3012227857329608,0.30129915465009177,0.3013755209660056,0.3014518847143413,0.3015282459206028,0.30160460460207494,0.3016809607677631,0.30175731441835846,0.30183366554622654,0.3019100141354161,0.3019863601616814,0.3020627035925292,0.3021390443872738,0.3022153824971106,0.30229171786519654,0.30236805042674736,0.3024443801091399,0.30252070683202564,0.3025970305074496,0.30267335103997933,0.30274966832683664,0.3028259822580355,0.3029022927165249,0.3029785995783364,0.30305490271273106,0.3031312019823546,0.3032074972433886,0.30328378834570874,0.30336007513304175,0.30343635744308556,0.3035126351076164,0.3035889079786326,0.3036651759455041,0.30374143892971217,0.3038176968869936,0.3038939498014392,0.3039701976819366,0.3040464405589077,0.3041226784813196,0.3041989115139461,0.30427513973486525,0.30435136323316986,0.30442758210688,0.3045037964610376,0.30458000640597355,0.30465621205573135,0.30473241352663516,0.3048086109359946,0.30488480440093046,0.3049609940373176,0.30503717995883134,0.3051133622760918,0.30518954109589896,0.30526571652054757,0.3053418886472212,0.30541805756745544,0.3054942233666631,0.3055703861237232,0.3056465459106191,0.3057227027921312,0.3057988568255735,0.3058750080605706,0.3059511565388765,0.3060273022942269,0.30610344535222306,0.3061795857302462,0.3062557234373982,0.306331858474467,0.3064079908339154,0.30648412049988816,0.30656024744823657,0.3066363716465636,0.3067124930542804,0.30678861162267845,0.30686472729501146,0.30694084000659116,0.30701694968489124,0.30709305624965877,0.3071691596130359,0.3072452596796859,0.30732135634692653,0.307397449504868,0.307473539036556,0.3075496248181172,0.30762570671890926,0.3077017846016736,0.30777785832268784,0.3078539277319237,0.3079299926732032,0.30800605298431916,0.3080821084991422,0.30815815906574145,0.30823420457567247,0.30831024495043485,0.3083862801458608,0.30846231014613756,0.30853833496024874,0.30861435461871156,0.30869036917058956,0.30876637868075213,0.30884238322737273,0.3089183828996402,0.3089943777956698,0.30907036802059934,0.3091463536848549,0.3092223349025759,0.309298311790182,0.30937428446507764,0.3094502530444794,0.30952621764435684,0.3096021783784812,0.30967813535756705,0.30975408868850957,0.3098300384736991,0.30990598481041404,0.30998192779028483,0.31005786749881925,0.3101338040149913,0.3102097374108791,0.31028566775135796,0.3103615950938363,0.31043751948803344,0.31051344097579886,0.31058935959096196,0.3106652753592185,0.31074118829804476,0.3108170984166366,0.3108930057158771,0.31096891018832257,0.3110448118182124,0.3111207105814924,0.3111966064458593,0.31127249937081874,0.31134838930775655,0.3114242762000201,0.31150015998301556,0.3115760405843101,0.3116519179237452,0.3117277919135568,0.3118036624585019,0.3118795294559921,0.3119553927962317,0.3120312523623595,0.3121071080305965,0.312182959670394,0.3122588071445864,0.31233465030954527,0.312410489015336,0.3124863231058738,0.31256215241904417,0.31263797678881483,0.31271379606328115,0.31278961013421763,0.31286541892315534,0.31294122238601996,0.31301702050709246,0.31309281329544864,0.31316860078169934,0.3132443830150005,0.31332016006031504,0.3133959319959087,0.3134716989110641,0.3135474609039887,0.3136232180799132,0.3136989705493567,0.3137747184265512,0.31385046182800885,0.31392620087122713,0.3140019356735147,0.31407766635093387,0.3141533930173483,0.3142291157835653,0.31430483475657234,0.31438055003885196,0.3144562617277749,0.3145319699150641,0.3146076746863195,0.31468337612060693,0.3147590742900972,0.3148347692597573,0.3149104610870877,0.31498614982190043,0.3150618355061361,0.3151375181737163,0.31521319785042917,0.3152888745538422,0.3153645482932436,0.3154402190696078,0.3155158868755831,0.3155915516955002,0.3156672135053968,0.3157428722730614,0.3158185279580911,0.31589418051196294,0.3159698298781162,0.31604547599204846,0.31612111878141813,0.3161967581661578,0.3162723940585948,0.31634802636357773,0.3164236549786091,0.3164992797939846,0.3165749006929341,0.31665051755176965,0.3167261302400334,0.31680173862065114,0.31687734255008526,0.31695294187849177,0.3170285364498774,0.3171041261022168,0.3171797106673898,0.31725528999783764,0.31733086398342664,0.3174064325457179,0.31748199564072677,0.31755755325282436,0.31763310539117684,0.3177086520864854,0.317784193387996,0.3178597293607615,0.3179352600831379,0.318010785644497,0.318086306143137,0.3181618216843782,0.3182373323788298,0.31831283834081336,0.31838833968693103,0.3184638365347699,0.3185393290017286,0.3186148172039591,0.31869030125541453,0.31876578126699184,0.31884125734576857,0.3189167295943167,0.31899219811009616,0.31906766298491956,0.3191431243044766,0.31921858214792226,0.3192940365875168,0.31936948768831663,0.3194449355079115,0.31952038009620287,0.3195958214952205,0.31967125973897537,0.3197466948533445,0.31982212685598477,0.3198975557562731,0.3199729815552736,0.3200484042457235,0.3201238238120424,0.3201992402303567,0.32027465346854456,0.32035006348629136,0.32042547023516327,0.32050087365868857,0.32057627369245306,0.3206516702642044,0.32072706329396405,0.320802452694148,0.3208778383696932,0.32095322021819067,0.3210285981300252,0.3211039719885147,0.32117934167006007,0.32125470704429193,0.3213300679742243,0.321405424316408,0.32148077592108787,0.3215561226323588,0.32163146428828204,0.32170680072085667,0.32178213178251025,0.3218574573633151,0.3219327773848742,0.3220080918032915,0.32208340060302604,0.3221587037933321,0.3222340014049989,0.3223092934873604,0.3223845801055571,0.32245986133803317,0.32253513727424854,0.3226104080125889,0.3226856736584624,0.32276093432256614,0.3228361901193091,0.3229114411653816,0.32298668757845805,0.32306192947602486,0.3231371669743213,0.32321240018738834,0.3232876292262105,0.32336285419795235,0.32343807520527323,0.3235132923457211,0.3235885057111956,0.3236637153874734,0.32373892145379746,0.3238141239825146,0.3238893230387685,0.3239645186802365,0.32403971095690687,0.3241148999108963,0.3241900855763031,0.32426526797909105,0.3243404471370044,0.32441562305950694,0.32449079574774925,0.32456596519455566,0.3246411313844325,0.32471629429359355,0.3247914538900028,0.32486661013343265,0.32494176297553623,0.32501691235992797,0.32509205822228054,0.3251672004904284,0.32524233908447897,0.325317473916935,0.3253926048928198,0.32546773190981115,0.32554285485837975,0.3256179736219302,0.3256930880769493,0.32576819809315394,0.32584330353364455,0.3259184042550585,0.3259935001077257,0.3260685909358278,0.32614367657751087,0.3262187568647238,0.32629383165019626,0.3263689008240668,0.32644396430796585,0.3265190220580834,0.3265940740589642,0.3266691203199481,0.32674416087191,0.32681919576426954,0.32689422506225313,0.3269692488443905,0.32704426720022706,0.3271192802282344,0.3271942880339057,0.32726929072802374,0.3273442884250831,0.3274192812418592,0.3274942692961119,0.3275692527054125,0.32764423158608613,0.3277192060522589,0.3277941762150006,0.3278691421815608,0.32794410405468416,0.32801906193200353,0.32809401590550347,0.3281689660610462,0.32824391247795914,0.32831885522867443,0.32839379437842026,0.32846872998495935,0.32854366209836433,0.32861859076083666,0.32869351600655994,0.3287684378615823,0.3288433563437326,0.32891827146255953,0.32899318321929794,0.32906809160685696,0.32914299660982765,0.32921789820450753,0.32929279635894565,0.32936769103299895,0.32944258217840455,0.32951746973886126,0.3295923536501264,0.3296672338401183,0.32974211022902905,0.32981698272944504,0.3298918512464741,0.32996671567787794,0.3300415759142112,0.3301164318389629,0.3301912833287038,0.33026613025323454,0.33034097247574007,0.3304158098529406,0.33049064223525093,0.3305654694669357,0.3306402913862245,0.3307151078273513,0.33078991863872237,0.3308647237128027,0.33093952297125545,0.33101431637035467,0.33108910389472845,0.3311638855538014,0.3312386613785318,0.33131343141842323,0.3313881957387859,0.3314629544182332,0.3315377075463942,0.33161245522182403,0.3316871975501002,0.33176193464208803,0.3318366666123659,0.3319113935777928,0.3319861156562124,0.3320608329652791,0.33213554562140163,0.3322102537387888,0.3322849574285938,0.33235965679814955,0.3324343519502836,0.3325090429827122,0.332583729987503,0.33265841305060134,0.3327330922514172,0.3328077676624658,0.33288243934905865,0.33295710736904066,0.3330317717725679,0.33310643260192446,0.33318108989137607,0.3332557436670544,0.33333039394687064,0.33340504074045574,0.3334796840491274,0.3335543238658773,0.333628960175379,0.33370359295401236,0.33377822216990904,0.33385284778300783,0.3339274697451285,0.3340020880000523,0.33407670248361865,0.33415131312382784,0.334225919840954,0.33430052254766646,0.33437512114915435,0.3344497155432615,0.3345243056206248,0.3345988912648153,0.3346734723524851,0.3347480487535173,0.3348226203311782,0.3348971869422701,0.33497174843728944,0.33504630466058266,0.33512085545046,0.3351954006413286,0.33526994008144795,0.33534447366355163,0.3354190013093342,0.33549352297515145,0.3355680386457131,0.33564254833052487,0.3357170520606266,0.3357915498856029,0.3358660418708454,0.335940528095049,0.33601500864792366,0.3360894836281059,0.33616395314125375,0.3362384172983144,0.33631287621394723,0.33638733000509186,0.3364617787896728,0.33653622268542593,0.3366106618088404,0.33668509627420606,0.33675952619275706,0.3368339516719069,0.336908372814564,0.336982789718525,0.33705720247593873,0.33713161117283064,0.3372060158886917,0.33728041669611764,0.3373548136605004,0.3374292068397651,0.3375035962841484,0.3375779820360148,0.3376523641297106,0.3377267425914475,0.3378011174392171,0.3378754886827307,0.33794985632338626,0.33802422035425544,0.33809858076009164,0.33817293751735567,0.338247290594258,0.3383216399508187,0.3383959855389367,0.3384703273024737,0.33854466517734827,0.3386189990916411,0.3386933289657064,0.3387676547122927,0.33884197623666945,0.3389162934367602,0.3389906062032811,0.3390649144198827,0.3391392179632972,0.33921351670348704,0.33928781050379814,0.3393620992211121,0.33943638270600485,0.3395106608029025,0.3395849333501934,0.33965920018236617,0.33973346114769787,0.33980771613912264,0.33988196507835405,0.3399562079218266,0.3400304446543293,0.3401046752854472,0.340178899846299,0.34025311838654865,0.3403273309716668,0.34040153768042697,0.3404757386026185,0.34054993383695614,0.34062412348917775,0.3406983076703087,0.34077248649508696,0.34084666008053166,0.3409208285446453,0.3409949920052428,0.34106915057889187,0.34114330437996115,0.3412174535197631,0.3412915981057899,0.34136573824102867,0.3414398740233546,0.3415140055449946,0.3415881328920525,0.34166225614409745,0.341736375373804,0.3418104906466426,0.3418846020206162,0.3419587095460398,0.342032813265356,0.3421069132129892,0.3421810094152291,0.3422551018901455,0.34232919064752776,0.34240327568885204,0.34247735700726756,0.3425514345876061,0.3426255084064058,0.3426995784319559,0.3427736446243535,0.3428477069355756,0.3429217653095615,0.3429958196823079,0.3430698699819732,0.3431439161289885,0.34321795803618077,0.34329199560889645,0.3433660287451368,0.34344005733569566,0.3435140812643007,0.34358810040776216,0.34366211463611945,0.343736123812796,0.3438101277947507,0.34388412643263716,0.3439581195709579,0.34403210704817827,0.3441060886988682,0.34418006437133436,0.34425403395867316,0.34432799738263437,0.34440195459972933,0.3444759055948244,0.34454985037758096,0.34462378897919554,0.34469772144940813,0.34477164785376646,0.3448455682711213,0.3449194827913384,0.34499339151320974,0.34506729454254936,0.34514119199045995,0.345215083971756,0.3452889706035325,0.3453628520038694,0.34543672829065775,0.34551059958054214,0.3455844659879676,0.3456583276243229,0.3457321845971768,0.3458060370095927,0.3458798849595221,0.3459537285392681,0.34602756783501104,0.3461014029263965,0.34617523388617477,0.3462490607798926,0.3463228836656295,0.34639670259377614,0.3464705176068514,0.34654432873935564,0.3466181360176548,0.34669193945989424,0.3467657390759397,0.3468395348673427,0.3469133268273289,0.34698711494080536,0.3470608991843866,0.34713467952643723,0.3472084559271303,0.34728222833851846,0.34735599670461653,0.3474297609614969,0.34750352103739335,0.34757727685281314,0.3476510283206578,0.34772477534635016,0.3477985178279664,0.34787225565637625,0.34794598871538285,0.3480197168818712,0.3480934400259565,0.34816715801113685,0.348240870694447,0.3483145779266153,0.34838827955221996,0.3484619754098004,0.34853566533390634,0.34860934917306846,0.34868302682044877,0.3487566981978289,0.34883036326179606,0.3489040219972907,0.3489776744140495,0.3490513205433436,0.34912496043498803,0.34919859415460525,0.3492722217811209,0.3493458434044751,0.3494194591235351,0.3494930690441892,0.3495666732776143,0.3496402719387001,0.3497138651446162,0.3497874530135167,0.34986103566336746,0.3499346132108873,0.35000818577059556,0.3500817534539559,0.3501553163686112,0.35022887461769864,0.35030242829924463,0.3503759775056266,0.35044952232309895,0.35052306283138124,0.35059659910329816,0.3506701312044703,0.3507436591930511,0.3508171831195058,0.35089070302642705,0.35096421894838925,0.3510377309118323,0.3511112389349757,0.35118474302775826,0.3512582431918064,0.3513317394204192,0.3514052316985773,0.3514787200029688,0.3515522043020326,0.3516256845560152,0.35169916071704266,0.3517726327292036,0.3518461005286441,0.3519195640436715,0.3519930231948664,0.3520664778952042,0.35213992805018063,0.35221337355794574,0.35228681430944236,0.35236025018854705,0.3524336810722179,0.3525071068306434,0.3525805273273954,0.35265394241958137,0.35272735195800337,0.3528007557873125,0.3528741537461207,0.35294754566914727,0.3530209314047669,0.35309431084638726,0.353167683915823,0.3532410505697337,0.3533144107931333,0.3533877645958314,0.35346111200917196,0.35353445308304254,0.353607787883139,0.3536811164884589,0.3537544389890159,0.35382775548374895,0.35390106607861993,0.3539743708848784,0.3540476700174861,0.35412096359368544,0.35419425173170327,0.3542675345495777,0.35434081216410007,0.35441408468986224,0.35448735223840044,0.35456061491742924,0.35463387283015896,0.3547071260746876,0.35478037474346513,0.354853618922818,0.35492685869253854,0.3550000941255232,0.3550733252874649,0.35514655223658914,0.35521977502343294,0.35529299369066125,0.3553662082729204,0.3554394187967224,0.35551262528035843,0.3555858277338397,0.355659026158864,0.3557322205488021,0.35580541088870715,0.35587859715533865,0.3559517793172071,0.3560249573346308,0.3560981311598076,0.35617130073689757,0.3562444660021187,0.3563176268838494,0.35639078330274226,0.3564639351718441,0.3565370823967221,0.3566102248755978,0.3566833624994852,0.35675649515233226,0.3568296227111689,0.35690274504625463,0.3569758620212325,0.3570489734932816,0.35712207931327455,0.35719517932593375,0.35726827336999073,0.35734136127834243,0.3574144428782126,0.35748751799130885,0.35756058643398175,0.35763364801738246,0.35770670254762,0.3577797498259178,0.35785278964876666,0.3579258218080795,0.3579988460913439,0.3580718622817713,0.3581448701584465,0.35821786949647455,0.3582908600671252,0.35836384163797536,0.3584368139730515,0.35850977683296725,0.3585827299750606,0.35865567315352737,0.3587286061195553,0.35880152862145165,0.358874440404772,0.35894734121244587,0.3590202307848975,0.35909310886017015,0.3591659751740412,0.3592388294601381,0.35931167145005405,0.35938450087345836,0.359457317458204,0.35953012093043396,0.35960291101468767,0.3596756874340064,0.35974844991002564,0.35982119816307645,0.3598939319122785,0.35996665087563656,0.3600393547701302,0.36011204331180346,0.3601847162158482,0.36025737319669093,0.3603300139680762,0.36040263824314545,0.3604752457345172,0.360547836154364,0.36062040921448496,0.3606929646263786,0.3607655021013148,0.36083802135040377,0.36091052208466246,0.3609830040150815,0.3610554668526889,0.36112791030860786,0.36120033409412095,0.3612727379207278,0.3613451215002008,0.36141748454464245,0.36148982676653835,0.3615621478788089,0.3616344475948593,0.3617067256286293,0.3617789816946414,0.3618512155080462,0.36192342678466927,0.36199561524105456,0.3620677805945025,0.36213992256311445,0.3622120408658315,0.36228413522247155,0.36235620535376917,0.3624282509814099,0.3625002718280653,0.36257226761742417,0.3626442380742278,0.3627161829242994,0.36278810189457367,0.36285999471312974,0.3629318611092174,0.36300370081328054,0.363075513556988,0.3631472990732549,0.36321905709626845,0.3632907873615126,0.3633624896057896,0.3634341635672401,0.36350580898536367,0.3635774256010383,0.36364901315654036,0.36372057139556196,0.36379210006323076,0.36386359890612385,0.3639350676722811,0.36400650611122365,0.3640779139739682,0.36414929101303856,0.3642206369824801,0.3642919516378725,0.3643632347363394,0.36443448603655965,0.3645057052987786,0.3645768922848158,0.3646480467580761,0.3647191684835589,0.36479025722786573,0.3648613127592035,0.364932334847396,0.3650033232638882,0.3650742777817527,0.36514519817569574,0.36521608422206214,0.3652869356988384,0.36535775238565604,0.3654285340637969,0.3654992805161944,0.36556999152743774,0.3656406668837755,0.3657113063731154,0.36578190978502345,0.365852476910729,0.36592300754312374,0.36599350147676263,0.36606395850786266,0.3661343784343048,0.36620476105563143,0.36627510617304554,0.36634541358940903,0.36641568310924244,0.36648591453872165,0.3665561076856782,0.366626262359595,0.3666963783716018,0.36676645553447473,0.3668364936626341,0.3669064925721371,0.3669764520806771,0.36704637200758006,0.36711625217379873,0.3671860924019086,0.36725589251610236,0.3673256523421876,0.36739537170758013,0.36746505044130057,0.3675346883739666,0.3676042853377889,0.367673841166564,0.367743355695671,0.3678128287620633,0.36788226020426384,0.36795164986235873,0.3680209975779906,0.3680903031943511,0.3681595665561745,0.36822878750973187,0.3682979659028233,0.3683671015847727,0.36843619440641834,0.3685052442201058,0.36857425087968043,0.36864321424048185,0.368712134159335,0.36878101049454176,0.3688498431058758,0.3689186318545716,0.3689873766033184,0.36905607721625266,0.36912473355894776,0.3691933454984079,0.3692619129030601,0.36933043564274554,0.3693989135887099,0.3694673466135965,0.36953573459143757,0.3696040773976458,0.3696723749090061,0.36974062700366855,0.36980883356113503,0.36987699446225586,0.369945109589219,0.3700131788255409,0.37008120205605965,0.37014917916692386,0.3702171100455866,0.3702849945807942,0.3703528326625791,0.3704206241822507,0.37048836903238624,0.37055606710682176,0.3706237183006451,0.37069132251018566,0.37075887963300475,0.37082638956788894,0.3708938522148381,0.37096126747506003,0.3710286352509601,0.3710959554461334,0.3711632279653545,0.3712304527145689,0.3712976296008843,0.37136475853256223,0.37143183941900954,0.37149887217077004,0.37156585669951453,0.3716327929180334,0.37169968074022547,0.3717665200810914,0.37183331085672516,0.37190005298430534,0.37196674638208643,0.3720333909693895,0.37209998666659316,0.3721665333951262,0.3722330310774587,0.3722994796370947,0.372365878998562,0.3724322290874052,0.37249852983017595,0.3725647811544247,0.3726309829886935,0.3726971352625066,0.37276323790636273,0.37282929085172817,0.3728952940310259,0.3729612473776291,0.3730271508258521,0.373093004310943,0.37315880776907584,0.3732245611373422,0.37329026435374346,0.37335591735718265,0.37342152008745627,0.373487072485248,0.3735525744921174,0.3736180260504957,0.3736834271036771,0.37374877759580977,0.3738140774718898,0.3738793266777532,0.37394452516006754,0.3740096728663262,0.3740747697448382,0.37413981574472305,0.37420481081590257,0.3742697549090938,0.3743346479758005,0.3743994899683079,0.3744642808396747,0.3745290205437252,0.3745937090350437,0.3746583462689642,0.37472293220156716,0.37478746678967023,0.3748519499908226,0.37491638176329817,0.3749807620660869,0.37504509085888954,0.37510936810211104,0.37517359375685294,0.3752377677849072,0.3753018901487495,0.3753659608115326,0.3754299797370799,0.37549394688987925,0.3755578622350764,0.375621725738468,0.3756855373664959,0.375749297086241,0.375813004865417,0.37587666067236425,0.3759402644760417,0.3760038162460228,0.37606731595249016,0.3761307635662271,0.37619415905861414,0.3762575024016214,0.37632079356780385,0.37638403253029384,0.37644721926279734,0.3765103537395868,0.3765734359354965,0.37663646582591687,0.3766994433867864,0.37676236859458906,0.3768252414263476,0.37688806185961854,0.37695082987248635,0.3770135454435583,0.377076208551959,0.37713881917732456,0.37720137729979886,0.37726388290002677,0.3773263359591501,0.3773887364588013,0.3774510843811003,0.37751337970864746,0.37757562242451864,0.377637812512262,0.37769994995589184,0.37776203473988396,0.3778240668491714,0.3778860462691388,0.3779479729856178,0.3780098469848832,0.37807166825364735,0.3781334367790557,0.37819515254868247,0.37825681555052637,0.37831842577300573,0.37837998320495403,0.3784414878356158,0.3785029396546413,0.37856433865208355,0.3786256848183926,0.378686978144413,0.378748218621378,0.37880940624090664,0.3788705409949984,0.37893162287603027,0.3789926518767519,0.3790536279902816,0.3791145512101029,0.37917542153005973,0.37923623894435343,0.37929700344753814,0.3793577150345177,0.379418373700541,0.379478979441199,0.37953953225242004,0.37960003213046783,0.3796604790719357,0.3797208730737432,0.3797812141331344,0.3798415022476728,0.37990173741523825,0.37996191963402304,0.3800220489025291,0.38008212521956436,0.38014214858423906,0.38020211899596207,0.38026203645443896,0.3803219009596669,0.3803817125119328,0.3804414711118093,0.38050117676015205,0.380560829458096,0.38062042920705275,0.3806799760087069,0.380739469865014,0.3807989107781959,0.3808582987507395,0.3809176337853925,0.3809769158851609,0.38103614505330685,0.3810953212933435,0.3811544446090339,0.38121351500438794,0.38127253248365933,0.3813314970513432,0.38139040871217234,0.381449267471116,0.3815080733333752,0.3815668263043823,0.38162552638979674,0.3816841735955026,0.38174276792760714,0.38180130939243667,0.3818597979965349,0.38191823374666056,0.3819766166497835,0.382034946713085,0.382093223943952,0.3821514483499775,0.38220961993895647,0.38226773871888403,0.38232580469795324,0.38238381788455256,0.3824417782872635,0.3824996859148586,0.3825575407762989,0.38261534288073207,0.38267309223748985,0.3827307888560859,0.38278843274621416,0.38284602391774575,0.382903562380728,0.3829610481453818,0.38301848122209947,0.38307586162144247,0.38313318935413915,0.38319046443108395,0.38324768686333466,0.3833048566621108,0.38336197383879095,0.38341903840491154,0.38347605037216437,0.38353300975239557,0.3835899165576026,0.3836467707999338,0.3837035724916855,0.3837603216453004,0.383817018273366,0.3838736623886129,0.38393025400391284,0.38398679313227707,0.3840432797868543,0.3840997139809296,0.3841560957279228,0.38421242504138603,0.3842687019350028,0.384324926422586,0.3843810985180763,0.3844372182355411,0.38449328558917256,0.38454930059328574,0.3846052632623175,0.3846611736108253,0.3847170316534845,0.3847728374050884,0.38482859088054583,0.38488429209487957,0.38493994106322577,0.3849955378008318,0.3850510823230549,0.3851065746453611,0.3851620147833238,0.3852174027526224,0.3852727385690405,0.3853280222484656,0.38538325380688637,0.3854384332603924,0.38549356062517276,0.3855486359175147,0.38560365915380224,0.3856586303505147,0.38571354952422643,0.38576841669160394,0.3858232318694064,0.38587799507448356,0.38593270632377463,0.38598736563430747,0.38604197302319737,0.38609652850764536,0.386151032104938,0.3862054838324453,0.3862598837076199,0.38631423174799645,0.3863685279711903,0.3864227723948962,0.38647696503688755,0.3865311059150153,0.38658519504720706,0.38663923245146514,0.3866932181458673,0.38674715214856403,0.38680103447777886,0.3868548651518061,0.38690864418901155,0.38696237160782976,0.3870160474267646,0.3870696716643872,0.38712324433933604,0.38717676547031504,0.3872302350760933,0.38728365317550384,0.38733701978744334,0.3873903349308706,0.38744359862480643,0.387496810888332,0.3875499717405877,0.38760308120077397,0.3876561392881489,0.38770914602202855,0.38776210142178485,0.38781500550684594,0.38786785829669507,0.3879206598108695,0.3879734100689604,0.3880261090906112,0.3880787568955178,0.3881313535034271,0.38818389893413674,0.3882363932074937,0.3882888363433948,0.3883412283617847,0.38839356928265595,0.3884458591260485,0.38849809791204815,0.38855028566078603,0.3886024223924392,0.38865450812722857,0.38870654288541917,0.38875852668731814,0.3888104595532763,0.38886234150368554,0.3889141725589789,0.3889659527396301,0.38901768206615317,0.3890693605591014,0.38912098823906643,0.3891725651266785,0.3892240912426051,0.3892755666075514,0.38932699124225856,0.3893783651675039,0.38942968840409986,0.38948096097289436,0.3895321828947691,0.389583354190639,0.3896344748814536,0.38968554498819424,0.3897365645318745,0.3897875335335401,0.38983845201426764,0.38988931999516463,0.38994013749736833,0.3899909045420464,0.3900416211503951,0.39009228734364076,0.3901429031430364,0.390193468569864,0.3902439836454323,0.3902944483910773,0.3903448628281619,0.3903952269780747,0.39044554086222966,0.3904958045020666,0.39054601791904914,0.3905961811346666,0.39064629417043106,0.3906963570478787,0.39074636978856914,0.39079633241408446,0.3908462449460288,0.3908961074060284,0.39094591981573124,0.39099568219680647,0.391045394570944,0.3910950569598545,0.3911446693852683,0.3911942318689357,0.3912437444326258,0.39129320709812754,0.391342619887248,0.3913919828218128,0.39144129592366533,0.39149055921466686,0.3915397727166958,0.39158893645164755,0.39163805044143396,0.39168711470798356,0.39173612927324075,0.3917850941591655,0.39183400938773316,0.3918828749809343,0.39193169096077435,0.3919804573492728,0.39202917416846383,0.3920778414403952,0.39212645918712824,0.3921750274307377,0.3922235461933115,0.3922720154969498,0.39232043536376593,0.3923688058158851,0.39241712687544444,0.3924653985645925,0.39251362090548964,0.39256179392030727,0.3926099176312277,0.39265799206044394,0.3927060172301593,0.39275399316258736,0.3928019198799513,0.3928497974044842,0.392897625758429,0.39294540496403685,0.392993135043569,0.39304081601929425,0.39308844791349085,0.3931360307484448,0.3931835645464507,0.3932310493298105,0.3932784851208343,0.3933258719418389,0.39337320981514884,0.39342049876309576,0.3934677388080179,0.3935149299722598,0.39356207227817314,0.3936091657481155,0.3936562104044497,0.3937032062695457,0.39375015336577807,0.39379705171552715,0.3938439013411788,0.3938907022651237,0.3939374545097575,0.39398415809748016,0.3940308130506968,0.39407741939181673,0.39412397714325365,0.39417048632742446,0.39421694696675086,0.3942633590836577,0.3943097227005737,0.39435603783993034,0.39440230452416325,0.3944485227757102,0.39449469261701275,0.3945408140705144,0.3945868871586616,0.394632911903903,0.39467888832868997,0.3947248164554757,0.3947706963067157,0.3948165279048671,0.39486231127238863,0.39490804643174043,0.39495373340538487,0.3949993722157848,0.3950449628854047,0.3950905054367105,0.3951359998921678,0.3951814462742445,0.3952268446054077,0.39527219490812615,0.39531749720486825,0.3953627515181033,0.3954079578703004,0.39545311628392876,0.3954982267814574,0.3955432893853556,0.39558830411809187,0.39563327100213425,0.395678190059951,0.3957230613140086,0.39576788478677394,0.39581266050071195,0.39585738847828783,0.39590206874196454,0.39594670131420445,0.3959912862174687,0.3960358234742169,0.39608031310690744,0.39612475513799655,0.39616914958993915,0.39621349648518883,0.3962577958461967,0.396302047695412,0.39634625205528223,0.3963904089482527,0.3964345183967662,0.3964785804232636,0.3965225950501827,0.3965665622999595,0.39661048219502726,0.3966543547578166,0.396698180010755,0.3967419579762678,0.3967856886767769,0.3968293721347013,0.3968730083724575,0.39691659741245794,0.39696013927711227,0.3970036339888271,0.397047081570005,0.3970904820430458,0.3971338354303458,0.3971771417542974,0.3972204010372892,0.3972636133017061,0.39730677856992963,0.39734989686433725,0.39739296820730236,0.3974359926211942,0.3974789701283786,0.3975219007512167,0.39756478451206556,0.3976076214332777,0.3976504115372021,0.3976931548461826,0.3977358513825592,0.3977785011686667,0.397821104226836,0.39786366057939293,0.39790617024865854,0.39794863325695,0.39799104962657883,0.3980334193798521,0.3980757425390714,0.3981180191265343,0.3981602491645327,0.39820243267535366,0.3982445696812793,0.398286660204586,0.39832870426754546,0.3983707018924239,0.3984126531014825,0.39845455791697665,0.3984964163611568,0.3985382284562673,0.39857999422454765,0.3986217136882313,0.39866338686954644,0.3987050137907158,0.39874659447395616,0.3987881289414786,0.3988296172154879,0.398871059318184,0.3989124552717604,0.39895380509840483,0.398995108820299,0.39903636645961904,0.3990775780385345,0.3991187435792096,0.39915986310380114,0.3992009366344613,0.39924196419333535,0.3992829458025627,0.399323881484276,0.39936477126060216,0.3994056151536613,0.3994464131855677,0.39948716537842865,0.3995278717543459,0.39956853233541395,0.39960914714372153,0.39964971620135,0.3996902395303744,0.39973071715286385,0.39977114909088024,0.39981153536647906,0.3998518760017096,0.39989217101861335,0.399932420439226,0.39997262428557595,0.4000127825796848,0.40005289534356814,0.4000929625992337,0.4001329843686832,0.4001729606739108,0.40021289153690404,0.40025277697964345,0.4002926170241028,0.40033241169224854,0.4003721610060404,0.40041186498743064,0.40045152365836495,0.4004911370407816,0.40053070515661165,0.4005702280277799,0.4006097056762025,0.4006491381237895,0.4006885253924436,0.4007278675040599,0.4007671644805265,0.4008064163437241,0.4008456231155263,0.4008847848177995,0.4009239014724023,0.4009629731011864,0.4010019997259951,0.4010409813686657,0.40107991805102755,0.40111880979490244,0.4011576566221049,0.4011964585544415,0.4012352156137119,0.40127392782170795,0.4013125952002143,0.40135121777100763,0.40138979555585713,0.4014283285765247,0.4014668168547644,0.40150526041232254,0.4015436592709385,0.40158201345234334,0.4016203229782604,0.4016585878704061,0.4016968081504883,0.40173498384020756,0.40177311496125684,0.4018112015353211,0.401849243584078,0.4018872411291969,0.40192519419233985,0.4019631027951605,0.4020009669593053,0.40203878670641263,0.4020765620581133,0.4021142930360298,0.40215197966177746,0.4021896219569629,0.4022272199431853,0.40226477364203617,0.4023022830750989,0.40233974826394875,0.40237716923015354,0.40241454599527304,0.40245187858085885,0.40248916700845455,0.4025264112995958,0.4025636114758109,0.4026007675586193,0.40263787956953306,0.40267494753005595,0.4027119714616837,0.4027489513859042,0.40278588732419734,0.4028227792980345,0.40285962732887964,0.4028964314381885,0.40293319164740826,0.40296990797797877,0.4030065804513309,0.4030432090888885,0.40307979391206705,0.4031163349422729,0.4031528322009055,0.4031892857093554,0.40322569548900566,0.40326206156123046,0.4032983839473966,0.4033346626688623,0.4033708977469777,0.403407089203085,0.40344323705851765,0.4034793413346013,0.4035154020526536,0.4035514192339835,0.40358739289989254,0.4036233230716731,0.4036592097706098,0.4036950530179793,0.40373085283504995,0.40376660924308144,0.40380232226332574,0.4038379919170262,0.403873618225418,0.40390920120972834,0.4039447408911759,0.40398023729097116,0.40401569043031643,0.4040511003304057,0.40408646701242484,0.404121790497551,0.40415707080695323,0.4041923079617928,0.404227501983222,0.4042626528923851,0.40429776071041834,0.40433282545844934,0.4043678471575975,0.4044028258289737,0.4044377614936808,0.4044726541728133,0.4045075038874575,0.404542310658691,0.4045770745075834,0.4046117954551955,0.4046464735225806,0.4046811087307829,0.40471570110083877,0.4047502506537763,0.40478475741061426,0.40481922139236415,0.40485364262002865,0.4048880211146024,0.4049223568970714,0.4049566499884136,0.40499090040959795,0.40502510818158566,0.4050592733253293,0.405093395861773,0.4051274758118531,0.40516151319649696,0.40519550803662396,0.40522946035314444,0.40526337016696107,0.40529723749896795,0.40533106237005057,0.40536484480108664,0.4053985848129451,0.4054322824264863,0.40546593766256217,0.4054995505420166,0.4055331210856852,0.40556664931439496,0.4056001352489647,0.4056335789102044,0.4056669803189157,0.40570033949589224,0.40573365646191933,0.4057669312377733,0.40580016384422285,0.40583335430202766,0.40586650263193946,0.4058996088547009,0.4059326729910467,0.40596569506170355,0.4059986750873892,0.4060316130888131,0.4060645090866764,0.406097363101672,0.40613017515448424,0.4061629452657889,0.4061956734562536,0.4062283597465376,0.40626100415729155,0.40629360670915793,0.40632616742277033,0.4063586863187545,0.40639116341772763,0.4064235987402984,0.40645599230706747,0.4064883441386264,0.40652065425555894,0.40655292267844034,0.4065851494278375,0.40661733452430854,0.4066494779884036,0.40668157984066405,0.4067136401016234,0.4067456587918064,0.4067776359317293,0.4068095715418999,0.40684146564281837,0.40687331825497575,0.406905129398855,0.4069368990949302,0.40696862736366773,0.4070003142255249,0.4070319597009514,0.40706356381038805,0.4070951265742673,0.4071266480130133,0.4071581281470419,0.4071895669967603,0.4072209645825676,0.4072523209248542,0.40728363604400275,0.40731490996038694,0.40734614269437214,0.40737733426631517,0.4074084846965654,0.4074395940054626,0.4074706622133391,0.40750168934051845,0.4075326754073157,0.4075636204340379,0.4075945244409835,0.40762538744844257,0.4076562094766967,0.40768699054601965,0.40771773067667644,0.4077484298889236,0.40777908820300934,0.4078097056391738,0.40784028221764856,0.4078708179586571,0.4079013128824141,0.40793176700912626,0.40796218035899123,0.4079925529521996,0.40802288480893234,0.40805317594936275,0.4080834263936559,0.4081136361619683,0.4081438052744479,0.40817393375123423,0.40820402161245894,0.4082340688782455,0.40826407556870836,0.40829404170395467,0.40832396730408205,0.4083538523891801,0.4083836969793307,0.4084135010946066,0.40844326475507303,0.40847298798078663,0.4085026707917954,0.4085323132081393,0.4085619152498499,0.40859147693695036,0.40862099828945586,0.4086504793273732,0.4086799200707003,0.4087093205394279,0.40873868075353714,0.4087680007330016,0.4087972804977865,0.4088265200678489,0.40885571946313726,0.40888487870359214,0.40891399780914495,0.40894307679972,0.4089721156952322,0.40900111451558935,0.4090300732806899,0.4090589920104245,0.40908787072467584,0.4091167094433175,0.40914550818621565,0.4091742669732276,0.40920298582420256,0.40923166475898165,0.409260303797398,0.40928890295927534,0.4093174622644304,0.4093459817326709,0.4093744613837967,0.409402901237599,0.4094313013138617,0.4094596616323594,0.4094879822128588,0.4095162630751182,0.40954450423888816,0.40957270572391075,0.40960086754991976,0.40962898973664064,0.4096570723037908,0.40968511527107937,0.40971311865820753,0.4097410824848679,0.4097690067707445,0.409796891535514,0.40982473679884446,0.4098525425803955,0.4098803088998189,0.40990803577675816,0.4099357232308483,0.4099633712817167,0.40999097994898215,0.41001854925225506,0.4100460792111381,0.41007356984522547,0.41010102117410313,0.41012843321734915,0.41015580599453344,0.4101831395252174,0.41021043382895445,0.41023768892528933,0.4102649048337596,0.4102920815738942,0.4103192191652135,0.4103463176272301,0.4103733769794487,0.410400397241365,0.41042737843246757,0.41045432057223596,0.41048122368014206,0.4105080877756499,0.4105349128782146,0.4105616990072833,0.41058844618229556,0.4106151544226826,0.4106418237478669,0.41066845417726366,0.41069504573027954,0.41072159842631306,0.4107481122847545,0.4107745873249866,0.41080102356638326,0.41082742102831055,0.41085377973012704,0.410880099691182,0.41090638093081744,0.4109326234683668,0.41095882732315614,0.41098499251450266,0.4110111190617161,0.4110372069840974,0.41106325630093987,0.4110892670315287,0.4111152391951411,0.41114117281104595,0.411167067898504,0.41119292447676836,0.4112187425650841,0.4112445221826874,0.41127026334880706,0.4112959660826637,0.41132163040346986,0.41134725633042996,0.4113728438827404,0.4113983930795896,0.4114239039401577,0.41144937648361735,0.4114748107291328,0.4115002066958599,0.41152556440294685,0.41155088386953403,0.41157616511475337,0.411601408157729,0.4116266130175771,0.41165177971340533,0.41167690826431413,0.41170199868939533,0.41172705100773305,0.411752065238403,0.41177704140047316,0.41180197951300374,0.41182687959504666,0.4118517416656458,0.4118765657438373,0.41190135184864873,0.41192609999910085,0.4119508102142051,0.4119754825129656,0.4120001169143787,0.41202471343743247,0.41204927210110653,0.4120737929243732,0.4120982759261968,0.41212272112553366,0.4121471285413318,0.41217149819253157,0.4121958300980656,0.41222012427685767,0.41224438074782427,0.4122685995298742,0.4122927806419078,0.41231692410281795,0.4123410299314891,0.41236509814679795,0.4123891287676133,0.41241312181279577,0.41243707730119855,0.41246099525166674,0.4124848756830373,0.4125087186141397,0.4125325240637944,0.41255629205081545,0.4125800225940079,0.41260371571216947,0.41262737142408973,0.4126509897485503,0.4126745707043254,0.4126981143101805,0.41272162058487394,0.41274508954715583,0.4127685212157685,0.4127919156094462,0.4128152727469155,0.4128385926468948,0.4128618753280952,0.4128851208092195,0.4129083291089628,0.41293150024601205,0.4129546342390467,0.41297773110673847,0.4130007908677505,0.4130238135407385,0.4130467991443506,0.4130697476972269,0.4130926592179997,0.41311553372529297,0.41313837123772346,0.4131611717738996,0.4131839353524223,0.41320666199188505,0.41322935171087255,0.41325200452796257,0.41327462046172436,0.4132971995307199,0.41331974175350283,0.4133422471486195,0.4133647157346081,0.41338714752999983,0.4134095425533166,0.41343190082307335,0.41345422235777735,0.413476507175928,0.4134987552960167,0.4135209667365277,0.4135431415159365,0.4135652796527112,0.41358738116531246,0.4136094460721928,0.41363147439179704,0.4136534661425627,0.4136754213429187,0.41369734001128683,0.4137192221660808,0.4137410678257066,0.41376287700856246,0.4137846497330391,0.4138063860175194,0.4138280858803784,0.4138497493399834,0.413871376414694,0.41389296712286205,0.41391452148283125,0.4139360395129385,0.4139575212315129,0.41397896665687467,0.41400037580733695,0.4140217487012055,0.41404308535677814,0.4140643857923453,0.4140856500261888,0.41410687807658353,0.41412806996179646,0.41414922570008667,0.4141703453097059,0.4141914288088978,0.41421247621589913,0.414233487548938,0.4142544628262354,0.41427540206600405,0.41429630528644984,0.4143171725057705,0.414338003742156,0.41435879901378886,0.41437955833884405,0.4144002817354882,0.41442096922188104,0.4144416208161744,0.4144622365365124,0.4144828164010317,0.414503360427861,0.41452386863512164,0.4145443410409271,0.4145647776633828,0.4145851785205878,0.4146055436306323,0.4146258730115996,0.4146461666815651,0.41466642465859593,0.41468664696075275,0.41470683360608807,0.41472698461264645,0.41474709999846615,0.41476717978157623,0.4147872239799988,0.41480723261174834,0.4148272056948316,0.4148471432472479,0.41486704528698926,0.4148869118320397,0.41490674290037566,0.4149265385099658,0.41494629867877153,0.41496602342474687,0.414985712765838,0.41500536671998356,0.41502498530511484,0.41504456853915483,0.41506411644001934,0.4150836290256172,0.41510310631384884,0.41512254832260803,0.41514195506978013,0.415161326573243,0.4151806628508678,0.415199963920517,0.4152192298000464,0.41523846050730395,0.41525765606013,0.41527681647635795,0.4152959417738127,0.41531503197031217,0.4153340870836666,0.41535310713167883,0.4153720921321443,0.4153910421028507,0.4154099570615785,0.4154288370261004,0.41544768201418103,0.4154664920435789,0.4154852671320441,0.4155040072973191,0.4155227125571398,0.41554138292923337,0.41556001843132045,0.4155786190811134,0.4155971848963179,0.41561571589463203,0.4156342120937458,0.4156526735113423,0.41567110016509673,0.4156894920726771,0.41570784925174387,0.41572617171995035,0.41574445949494204,0.41576271259435693,0.41578093103582575,0.4157991148369717,0.41581726401541064,0.41583537858875075,0.4158534585745933,0.4158715039905313,0.4158895148541509,0.41590749118303094,0.4159254329947422,0.4159433403068486,0.41596121313690665,0.415979051502465,0.4159968554210653,0.4160146249102418,0.4160323599875209,0.41605006067042144,0.4160677269764559,0.4160853589231285,0.4161029565279365,0.41612051980836945,0.41613804878190913,0.41615554346603073,0.4161730038782021,0.41619043003588324,0.41620782195652634,0.41622517965757755,0.41624250315647415,0.4162597924706468,0.41627704761751894,0.41629426861450636,0.4163114554790178,0.41632860822845363,0.41634572688020827,0.4163628114516679,0.416379861960212,0.4163968784232117,0.4164138608580312,0.41643080928202814,0.4164477237125517,0.41646460416694475,0.41648145066254216,0.4164982632166715,0.4165150418466533,0.41653178656980067,0.4165484974034191,0.416565174364807,0.41658181747125544,0.4165984267400484,0.416615002188462,0.41663154383376566,0.4166480516932212,0.4166645257840831,0.4166809661235985,0.4166973727290073,0.4167137456175423,0.41673008480642887,0.41674639031288496,0.4167626621541212,0.4167789003473415,0.4167951049097417,0.4168112758585108,0.4168274132108304,0.41684351698387534,0.41685958719481225,0.4168756238608011,0.41689162699899474,0.41690759662653826,0.4169235327605697,0.41693943541822015,0.416955304616613,0.4169711403728648,0.4169869427040846,0.41700271162737407,0.4170184471598277,0.4170341493185331,0.4170498181205706,0.41706545358301284,0.4170810557229254,0.41709662455736707,0.41711216010338864,0.4171276623780346,0.4171431313983417,0.41715856718133926,0.4171739697440497,0.4171893391034883,0.41720467527666305,0.4172199782805746,0.4172352481322165,0.4172504848485754,0.4172656884466303,0.417280858943353,0.4172959963557085,0.41731110070065486,0.41732617199514177,0.41734121025611265,0.41735621550050395,0.41737118774524434,0.4173861270072558,0.4174010333034522,0.41741590665074163,0.4174307470660241,0.4174455545661928,0.41746032916813347,0.4174750708887253,0.41748977974483953,0.4175044557533407,0.41751909893108624,0.4175337092949263,0.4175482868617039,0.4175628316482551,0.4175773436714085,0.417591822947986,0.417606269494802,0.41762068332866387,0.4176350644663722,0.4176494129247195,0.4176637287204924,0.4176780118704696,0.4176922623914231,0.4177064803001176,0.4177206656133104,0.4177348183477522,0.41774893852018646,0.41776302614734967,0.4177770812459709,0.4177911038327722,0.41780509392446863,0.4178190515377684,0.4178329766893722,0.4178468693959738,0.41786072967426013,0.4178745575409105,0.41788835301259786,0.41790211610598743,0.41791584683773764,0.4179295452245001,0.41794321128291917,0.417956845029632,0.4179704464812687,0.4179840156544526,0.41799755256579985,0.4180110572319193,0.41802452966941306,0.4180379698948762,0.4180513779248966,0.4180647537760553,0.4180780974649262,0.4180914090080761,0.4181046884220649,0.4181179357234454,0.41813115092876313,0.41814433405455714,0.41815748511735906,0.41817060413369395,0.4181836911200791,0.41819674609302554,0.4182097690690371,0.41822276006461,0.41823571909623436,0.41824864618039287,0.4182615413335611,0.418274404572208,0.4182872359127955,0.41830003537177796,0.4183128029656036,0.418325538710713,0.41833824262353986,0.4183509147205115,0.4183635550180475,0.41837616353256096,0.41838874028045786,0.41840128527813686,0.41841379854199023,0.41842628008840327,0.4184387299337542,0.41845114809441414,0.41846353458674707,0.4184758894271101,0.41848821263185404,0.41850050421732216,0.41851276419985123,0.41852499259577053,0.4185371894214026,0.4185493546930635,0.41856148842706153,0.4185735906396988,0.41858566134727015,0.41859770056606377,0.4186097083123605,0.4186216846024344,0.4186336294525531,0.4186455428789769,0.4186574248979592,0.4186692755257466,0.41868109477857873,0.4186928826726885,0.4187046392243017,0.41871636444963695,0.4187280583649067,0.4187397209863161,0.4187513523300636,0.41876295241234085,0.4187745212493318,0.41878605885721476,0.4187975652521602,0.41880904045033235,0.41882048446788794,0.41883189732097786,0.4188432790257449,0.41885462959832565,0.41886594905484986,0.4188772374114406,0.41888849468421374,0.4188997208892782,0.41891091604273634,0.41892208016068366,0.4189332132592086,0.4189443153543933,0.4189553864623122,0.4189664265990337,0.4189774357806192,0.41898841402312303,0.41899936134259286,0.41901027775506927,0.41902116327658645,0.41903201792317174,0.41904284171084544,0.4190536346556212,0.41906439677350543,0.4190751280804986,0.41908582859259375,0.41909649832577683,0.4191071372960278,0.4191177455193192,0.4191283230116171,0.4191388697888809,0.4191493858670631,0.41915987126210896,0.4191703259899575,0.41918075006654076,0.4191911435077842,0.41920150632960634,0.419211838547919,0.41922214017862713,0.41923241123762894,0.41924265174081615,0.41925286170407344,0.4192630411432786,0.419273190074303,0.4192833085130109,0.4192933964752605,0.41930345397690244,0.4193134810337811,0.41932347766173395,0.4193334438765921,0.4193433796941793,0.41935328513031267,0.4193631602008035,0.419373004921455,0.41938281930806454,0.41939260337642276,0.4194023571423134,0.4194120806215131,0.4194217738297925,0.4194314367829149,0.4194410694966374,0.4194506719867102,0.4194602442688768,0.4194697863588738,0.41947929827243136,0.419488780025273,0.4194982316331155,0.41950765311166877,0.419517044476636,0.4195264057437139,0.4195357369285928,0.41954503804695575,0.4195543091144794,0.4195635501468336,0.4195727611596821,0.419581942168681,0.4195910931894805,0.4196002142377239,0.41960930532904783,0.4196183664790824,0.419627397703451,0.4196363990177703,0.41964537043765016,0.4196543119786943,0.4196632236564992,0.419672105486655,0.4196809574847452,0.41968977966634713,0.4196985720470303,0.4197073346423588,0.41971606746788953,0.4197247705391728,0.4197334438717523,0.41974208748116515,0.4197507013829421,0.41975928559260683,0.4197678401256764,0.41977636499766185,0.41978486022406714,0.41979332582038964,0.41980176180212037,0.41981016818474376,0.4198185449837373,0.4198268922145719,0.41983520989271245,0.4198434980336167,0.4198517566527359,0.4198599857655149,0.4198681853873919,0.41987635553379826,0.4198844962201593,0.4198926074618936,0.4199006892744126,0.4199087416731219,0.41991676467342065,0.4199247582907005,0.4199327225403474,0.4199406574377404,0.4199485629982518,0.4199564392372478,0.4199642861700877,0.41997210381212485,0.41997989217870507,0.4199876512851686,0.4199953811468484,0.42000308177907153,0.4200107531971582,0.4200183954164217,0.4200260084521696,0.4200335923197027,0.42004114703431494,0.42004867261129386,0.42005616906592075,0.42006363641346994,0.42007107466920984,0.4200784838484018,0.4200858639663008,0.4200932150381555,0.420100537079208,0.4201078301046939,0.42011509412984227,0.42012232916987585,0.42012953524001045,0.4201367123554559,0.42014386053141506,0.42015097978308497,0.4201580701256558,0.42016513157431107,0.42017216414422764,0.4201791678505769,0.4201861427085227,0.4201930887332231,0.42020000593982937,0.4202068943434862,0.42021375395933247,0.4202205848025,0.4202273868881141,0.420234160231294,0.4202409048471524,0.42024762075079547,0.4202543079573229,0.42026096648182804,0.4202675963393976,0.4202741975451122,0.42028077011404574,0.42028731406126585,0.4202938294018337,0.420300316150804,0.42030677432322494,0.42031320393413835,0.42031960499857995,0.42032597753157885,0.4203323215481573,0.42033863706333185,0.4203449240921124,0.42035118264950233,0.42035741275049837,0.42036361441009107,0.42036978764326516,0.42037593246499816,0.4203820488902615,0.4203881369340202,0.4203941966112331,0.4204002279368525,0.4204062309258242,0.42041220559308773,0.42041815195357635,0.4204240700222167,0.4204299598139292,0.4204358213436278,0.42044165462622035,0.4204474596766081,0.42045323650968613,0.4204589851403429,0.4204647055834608,0.4204703978539154,0.4204760619665763,0.42048169793630663,0.42048730577796367,0.42049288550639763,0.42049843713645285,0.42050396068296675,0.4205094561607712,0.42051492358469117,0.42052036296954565,0.42052577433014715,0.42053115768130145,0.42053651303780887,0.4205418404144626,0.4205471398260502,0.42055241128735216,0.42055765481314344,0.42056287041819207,0.4205680581172602,0.42057321792510344,0.4205783498564712,0.4205834539261063,0.42058853014874586,0.4205935785391202,0.4205985991119533,0.4206035918819635,0.42060855686386217,0.42061349407235465,0.4206184035221399,0.42062328522791076,0.4206281392043537,0.420632965466149,0.42063776402797054,0.4206425349044859,0.4206472781103564,0.4206519936602375,0.4206566815687777,0.4206613418506199,0.42066597452040033,0.42067057959274917,0.42067515708229036,0.4206797070036415,0.420684229371414,0.4206887242002131,0.42069319150463713,0.4206976312992792,0.42070204359872515,0.42070642841755546,0.4207107857703445,0.4207151156716596,0.4207194181360622,0.4207236931781076,0.42072794081234494,0.4207321610533169,0.4207363539155601,0.4207405194136047,0.42074465756197527,0.42074876837518943,0.4207528518677592,0.4207569080541899,0.42076093694898103,0.42076493856662556,0.42076891292161045,0.4207728600284167,0.4207767799015187,0.4207806725553851,0.42078453800447757,0.42078837626325266,0.4207921873461599,0.42079597126764307,0.4207997280421395,0.42080345768408056,0.42080716020789105,0.42081083562799043,0.4208144839587912,0.4208181052147,0.4208216994101171,0.4208252665594374,0.4208288066770483,0.42083231977733215,0.42083580587466496,0.420839264983416,0.4208426971179491,0.4208461022926216,0.4208494805217847,0.42085283181978367,0.4208561562009572,0.42085945367963806,0.42086272427015314,0.4208659679868233,0.4208691848439625,0.42087237485587936,0.4208755380368757,0.4208786744012481,0.4208817839632861,0.4208848667372737,0.42088792273748876,0.42089095197820287,0.4208939544736813,0.42089693023818353,0.4208998792859629,0.42090280163126664,0.4209056972883358,0.4209085662714054,0.4209114085947046,0.4209142242724557,0.420917013318876,0.4209197757481756,0.4209225115745593,0.4209252208122259,0.4209279034753671,0.42093055957816977,0.42093318913481403,0.420935792159474,0.420938368666318,0.4209409186695079,0.4209434421831996,0.42094593922154316,0.4209484097986824,0.4209508539287553,0.4209532716258935,0.4209556629042225,0.42095802777786195,0.4209603662609257,0.42096267836752116,0.42096496411174955,0.4209672235077069,0.42096945656948254,0.4209716633111595,0.42097384374681524,0.42097599789052126,0.4209781257563426,0.42098022735833895,0.42098230271056347,0.4209843518270631,0.42098637472187916,0.4209883714090471,0.4209903419025959,0.42099228621654905,0.42099420436492346,0.42099609636172985,0.42099796222097413,0.42099980195665515,0.421001615582766,0.42100340311329393,0.42100516456222,0.42100689994351953,0.4210086092711617,0.4210102925591095,0.42101194982132045,0.42101358107174564,0.42101518632433027,0.42101676559301365,0.4210183188917292,0.4210198462344041,0.4210213476349599,0.4210228231073116,0.42102427266536907,0.4210256963230357,0.42102709409420885,0.42102846599277993,0.4210298120326346,0.42103113222765265,0.42103242659170764,0.42103369513866745,0.4210349378823938,0.4210361548367426,0.4210373460155637,0.4210385114327008,0.4210396511019921,0.42104076503726967,0.4210418532523601,0.4210429157610831,0.42104395257725313,0.4210449637146785,0.42104594918716165,0.4210469090084994,0.421047843192482,0.42104875175289447,0.4210496347035154,0.42105049205811784,0.42105132383046856,0.4210521300343287,0.4210529106834534,0.4210536657915922,0.421054395372488,0.4210550994398784,0.42105577800749505,0.4210564310890638,0.4210570586983041,0.42105766084892987,0.42105823755464944,0.4210587888291647,0.4210593146861721,0.4210598151393618,0.42106029020241836,0.4210607398890204,0.42106116421284073,0.4210615631875464,0.4210619368267981,0.4210622851442511,0.42106260815355473,0.42106290586835265,0.4210631783022821,0.42106342546897485,0.421063647382057,0.4210638440551484,0.4210640155018636,0.4210641617358103,0.4210642827705914,0.4210643786198035,0.42106444929703746,0.42106449481587815,0.42106451518990484,0.4210645104326907,0.4210644805578034,0.42106442557880436,0.42106434550924976,0.4210642403626892,0.4210641101526669,0.42106395489272164,0.42106377459638566,0.4210635692771861,0.4210633389486434,0.42106308362427325,0.42106280331758467,0.4210624980420813,0.4210621678112606,0.4210618126386146,0.42106143253762973,0.42106102752178615,0.4210605976045584,0.4210601427994153,0.42105966311981946,0.42105915857922865,0.42105862919109405,0.42105807496886144,0.42105749592597036,0.4210568920758551,0.421056263431944,0.4210556100076594,0.4210549318164182,0.42105422887163146,0.42105350118670437,0.42105274877503635,0.4210519716500212,0.4210511698250469,0.4210503433134956,0.421049492128744,0.42104861628416235,0.421047715793116,0.4210467906689641,0.4210458409250598,0.421044866574751,0.42104386763138,0.42104284410828285,0.4210417960187902,0.42104072337622633,0.4210396261939111,0.42103850448515734,0.42103735826327304,0.4210361875415599,0.4210349923333141,0.4210337726518261,0.4210325285103803,0.42103125992225643,0.4210299669007272,0.4210286494590602,0.42102730761051793,0.42102594136835647,0.4210245507458259,0.4210231357561714,0.421021696412632,0.42102023272844097,0.4210187447168261,0.4210172323910095,0.4210156957642075,0.4210141348496306,0.42101254966048407,0.42101094020996693,0.42100930651127305,0.4210076485775902,0.4210059664221009,0.4210042600579815,0.4210025294984031,0.42100077475653086,0.4209989958455241,0.42099719277853703,0.420995365568718,0.4209935142292096,0.4209916387731487,0.4209897392136667,0.42098781556388926,0.42098586783693626,0.4209838960459221,0.4209819002039556,0.4209798803241401,0.4209778364195723,0.42097576850334456,0.420973676588543,0.42097156068824815,0.42096942081553473,0.42096725698347204,0.4209650692051239,0.4209628574935482,0.4209606218617974,0.42095836232291833,0.42095607888995207,0.4209537715759343,0.42095144039389465,0.4209490853568576,0.4209467064778422,0.4209443037698611,0.4209418772459222,0.4209394269190273,0.42093695280217247,0.4209344549083486,0.42093193325054057,0.4209293878417284,0.4209268186948857,0.42092422582298084,0.42092160923897654,0.4209189689558301,0.4209163049864929,0.42091361734391086,0.4209109060410251,0.42090817109076994,0.4209054125060748,0.42090263029986336,0.4208998244850539,0.4208969950745592,0.42089414208128584,0.4208912655181352,0.4208883653980037,0.4208854417337815,0.42088249453835347,0.4208795238245987,0.42087652960539057,0.42087351189359806,0.420870470702083,0.42086740604370315,0.42086431793130935,0.42086120637774793,0.42085807139585923,0.4208549129984783,0.42085173119843455,0.42084852600855177,0.42084529744164806,0.4208420455105363,0.4208387702280241,0.42083547160691265,0.4208321496599987,0.4208288044000727,0.4208254358399198,0.42082204399232,0.4208186288700472,0.4208151904858699,0.4208117288525519,0.4208082439828501,0.4208047358895173,0.4208012045852999,0.42079765008293923,0.42079407239517064,0.4207904715347245,0.4207868475143255,0.4207832003466928,0.4207795300445402,0.420775836620576,0.4207721200875028,0.42076838045801795,0.4207646177448131,0.42076083196057457,0.4207570231179835,0.4207531912297152,0.4207493363084394,0.4207454583668204,0.4207415574175176,0.4207376334731842,0.4207336865464684,0.42072971665001285,0.42072572379645473,0.4207217079984255,0.4207176692685515,0.42071360761945364,0.42070952306374704,0.420705415614042,0.4207012852829429,0.42069713208304854,0.42069295602695284,0.4206887571272434,0.4206845353965035,0.4206802908473102,0.4206760234922353,0.4206717333438456,0.42066742041470145,0.42066308471735886,0.4206587262643679,0.42065434506827354,0.42064994114161514,0.4206455144969262,0.4206410651467355,0.4206365931035661,0.4206320983799356,0.4206275809883565,0.42062304094133574,0.4206184782513746,0.42061389293096924,0.4206092849926103,0.42060465444878326,0.4206000013119678,0.4205953255946386,0.42059062730926483,0.42058590646831,0.42058116308423255,0.42057639716948586,0.420571608736517,0.42056679779776834,0.42056196436567694,0.4205571084526741,0.42055223007118586,0.42054732923363325,0.4205424059524317,0.4205374602399907,0.42053249210871535,0.4205275015710049,0.4205224886392533,0.42051745332584906,0.4205123956431754,0.42050731560361015,0.4205022132195257,0.42049708850328954,0.42049194146726365,0.42048677212380425,0.4204815804852624,0.42047636656398407,0.4204711303723098,0.42046587192257484,0.42046059122710855,0.4204552882982356,0.42044996314827543,0.42044461578954195,0.42043924623434314,0.4204338544949827,0.42042844058375844,0.4204230045129625,0.42041754629488254,0.4204120659418004,0.42040656346599264,0.4204010388797306,0.4203954921952804,0.4203899234249026,0.42038433258085267,0.42037871967538054,0.4203730847207314,0.42036742772914454,0.4203617487128543,0.42035604768408935,0.4203503246550737,0.42034457963802535,0.4203388126451577,0.4203330236886781,0.42032721278078966,0.420321379933689,0.42031552515956855,0.420309648470615,0.42030374987900954,0.42029782939692817,0.42029188703654197,0.42028592281001637,0.4202799367295122,0.4202739288071842,0.42026789905518236,0.4202618474856511,0.42025577411072956,0.4202496789425521,0.4202435619932474,0.42023742327493907,0.4202312627997453,0.42022508057977914,0.4202188766271485,0.4202126509539561,0.4202064035722993,0.4202001344942704,0.42019384373195606,0.4201875312974375,0.4201811972027916,0.4201748414600896,0.4201684640813974,0.4201620650787755,0.42015564446428,0.4201492022499609,0.42014273844786304,0.42013625307002617,0.4201297461284857,0.4201232176352705,0.42011666760240485,0.420110096041908,0.420103502965794,0.42009688838607084,0.4200902523147422,0.4200835947638064,0.42007691574525674,0.4200702152710809,0.42006349335326126,0.4200567500037754,0.42004998523459586,0.4200431990576892,0.4200363914850179,0.42002956252853857,0.42002271220020254,0.42001584051195645,0.4200089474757412,0.4200020331034927,0.41999509740714236,0.4199881403986155,0.41998116208983277,0.41997416249270925,0.41996714161915544,0.41996009948107627,0.4199530360903715,0.41994595145893593,0.41993884559865896,0.4199317185214251,0.41992457023911367,0.41991740076359885,0.41991021010674945,0.41990299828042943,0.4198957652964976,0.41988851116680714,0.41988123590320664,0.4198739395175392,0.4198666220216431,0.4198592834273512,0.41985192374649155,0.419844542990887,0.4198371411723548,0.4198297183027078,0.41982227439375314,0.41981480945729327,0.41980732350512495,0.4197998165490407,0.41979228860082685,0.41978473967226604,0.41977716977513435,0.41976957892120337,0.41976196712223973,0.4197543343900047,0.4197466807362547,0.4197390061727406,0.419731310711209,0.4197235943634003,0.4197158571410508,0.4197080990558913,0.4197003201196472,0.41969252034403925,0.4196846997407834,0.4196768583215896,0.41966899609816344,0.41966111308220533,0.4196532092854103,0.4196452847194685,0.4196373393960651,0.41962937332688016,0.41962138652358855,0.4196133789978603,0.41960535076136013,0.4195973018257478,0.4195892322026775,0.4195811419037995,0.41957303094075854,0.41956489932519336,0.41955674706873897,0.4195485741830247,0.41954038067967486,0.4195321665703091,0.4195239318665415,0.4195156765799811,0.4195074007222323,0.41949910430489434,0.4194907873395612,0.419482449837822,0.4194740918112611,0.4194657132714572,0.41945731422998445,0.41944889469841173,0.41944045468830304,0.4194319942112176,0.41942351327870897,0.4194150119023262,0.4194064900936134,0.41939794786410894,0.4193893852253472,0.4193808021888566,0.4193721987661615,0.41936357496878046,0.41935493080822706,0.41934626629601063,0.41933758144363475,0.41932887626259835,0.41932015076439516,0.4193114049605145,0.4193026388624397,0.41929385248164996,0.4192850458296191,0.41927621891781586,0.4192673717577043,0.41925850436074336,0.419249616738387,0.4192407089020842,0.41923178086327906,0.41922283263341015,0.41921386422391216,0.4192048756462139,0.41919586691173977,0.41918683803190876,0.4191777890181351,0.419168719881828,0.4191596306343918,0.4191505212872255,0.41914139185172405,0.41913224233927654,0.41912307276126726,0.419113883129076,0.4191046734540772,0.4190954437476407,0.4190861940211311,0.41907692428590837,0.4190676345533269,0.41905832483473715,0.4190489951414835,0.4190396454849061,0.41903027587633995,0.4190208863271155,0.41901147684855755,0.4190020474519867,0.41899259814871814,0.41898312895006257,0.41897363986732516,0.4189641309118066,0.4189546020948032,0.41894505342760496,0.41893548492149807,0.4189258965877632,0.41891628843767675,0.4189066604825098,0.4188970127335287,0.41888734520199467,0.41887765789916404,0.4188679508362886,0.418858224024615,0.41884847747538495,0.4188387111998353,0.41882892520919807,0.41881911951470024,0.4188092941275643,0.41879944905900696,0.41878958432024105,0.41877969992247444,0.41876979587690943,0.41875987219474403,0.4187499288871711,0.4187399659653787,0.41872998344055007,0.4187199813238632,0.41870995962649216,0.4186999183596052,0.41868985753436605,0.41867977716193355,0.418669677253462,0.41865955782010006,0.41864941887299234,0.4186392604232786,0.41862908248209313,0.4186188850605655,0.4186086681698211,0.4185984318209794,0.41858817602515613,0.41857790079346124,0.4185676061370008,0.4185572920668753,0.4185469585941801,0.41853660573000667,0.4185262334854415,0.41851584187156576,0.4185054308994559,0.4184950005801837,0.4184845509248158,0.41847408194441477,0.4184635936500377,0.4184530860527371,0.4184425591635606,0.4184320129935509,0.41842144755374594,0.41841086285517914,0.4184002589088787,0.4183896357258684,0.4183789933171668,0.41836833169378823,0.41835765086674165,0.41834695084703166,0.4183362316456573,0.41832549327361374,0.41831473574189115,0.4183039590614745,0.4182931632433445,0.41828234829847644,0.4182715142378413,0.4182606610724052,0.4182497888131297,0.41823889747097065,0.4182279870568802,0.4182170575818052,0.4182061090566882,0.41819514149246617,0.41818415490007177,0.4181731492904335,0.4181621246744739,0.41815108106311166,0.4181400184672601,0.4181289368978281,0.41811783636571953,0.41810671688183404,0.41809557845706635,0.41808442110230615,0.41807324482843816,0.418062049646343,0.4180508355668963,0.4180396026009686,0.4180283507594264,0.41801708005313076,0.41800579049293857,0.41799448208970136,0.4179831548542665,0.4179718087974766,0.41796044393016873,0.41794906026317646,0.41793765780732794,0.41792623657344635,0.41791479657235064,0.4179033378148548,0.4178918603117681,0.4178803640738954,0.41786884911203653,0.4178573154369865,0.4178457630595361,0.4178341919904707,0.41782260224057155,0.4178109938206153,0.4177993667413732,0.4177877210136124,0.41777605664809514,0.4177643736555791,0.41775267204681665,0.41774095183255633,0.4177292130235415,0.4177174556305114,0.4177056796641994,0.41769388513533556,0.417682072054644,0.417670240432845,0.417658390280654,0.4176465216087815,0.417634634427934,0.4176227287488122,0.417610804582113,0.41759886193852863,0.4175869008287457,0.4175749212634474,0.4175629232533119,0.41755090680901186,0.4175388719412164,0.4175268186605895,0.4175147469777903,0.4175026569034735,0.4174905484482893,0.41747842162288296,0.41746627643789513,0.41745411290396217,0.41744193103171495,0.4174297308317805,0.41741751231478125,0.41740527549133427,0.41739302037205256,0.41738074696754435,0.4173684552884132,0.41735614534525806,0.4173438171486732,0.4173314707092484,0.41731910603756883,0.4173067231442145,0.41729432203976174,0.4172819027347812,0.4172694652398398,0.4172570095654993,0.417244535722317,0.4172320437208456,0.4172195335716333,0.41720700528522364,0.417194458872155,0.41718189434296216,0.4171693117081749,0.41715671097831775,0.41714409216391124,0.4171314552754716,0.4171188003235096,0.4171061273185322,0.4170934362710413,0.4170807271915344,0.4170680000905043,0.4170552549784396,0.41704249186582343,0.4170297107631354,0.41701691168085,0.417004094629437,0.41699125961936184,0.4169784066610852,0.4169655357650635,0.41695264694174805,0.4169397402015862,0.41692681555502026,0.4169138730124881,0.41690091258442313,0.4168879342812543,0.4168749381134057,0.41686192409129663,0.41684889222534255,0.4168358425259538,0.4168227750035366,0.41680968966849236,0.4167965865312178,0.4167834656021055,0.41677032689154336,0.4167571704099142,0.4167439961675969,0.4167308041749657,0.4167175944423901,0.41670436698023516,0.41669112179886164,0.41667785890862513,0.41666457831987735,0.41665128004296526,0.41663796408823095,0.41662463046601245,0.41661127918664326,0.4165979102604517,0.4165845236977628,0.4165711195088956,0.41655769770416584,0.41654425829388414,0.41653080128835657,0.41651732669788494,0.41650383453276635,0.4164903248032936,0.4164767975197549,0.41646325269243367,0.416449690331609,0.41643611044755585,0.4164225130505442,0.41640889815083976,0.4163952657587038,0.4163816158843927,0.416367948538159,0.4163542637302499,0.41634056147090887,0.41632684177037466,0.41631310463888127,0.4162993500866584,0.41628557812393135,0.41627178876092097,0.41625798200784336,0.4162441578749106,0.41623031637233,0.41621645751030395,0.41620258129903137,0.41618868774870604,0.41617477686951715,0.4161608486716499,0.4161469031652846,0.4161329403605973,0.41611896026775974,0.416104962896939,0.41609094825829734,0.41607691636199357,0.4160628672181812,0.4160488008370094,0.41603471722862334,0.4160206164031632,0.41600649837076475,0.41599236314155974,0.4159782107256753,0.4159640411332338,0.41594985437435367,0.4159356504591485,0.4159214293977276,0.4159071912001956,0.41589293587665344,0.4158786634371968,0.41586437389191766,0.4158500672509027,0.4158357435242348,0.41582140272199203,0.4158070448542487,0.41579266993107383,0.41577827796253286,0.415763868958686,0.41574944292958993,0.41573499988529594,0.41572053983585183,0.4157060627913004,0.4156915687616803,0.41567705775702557,0.4156625297873663,0.4156479848627273,0.4156334229931298,0.4156188441885903,0.41560424845912103,0.4155896358147298,0.41557500626541993,0.41556035982119016,0.4155456964920354,0.4155310162879454,0.41551631921890647,0.4155016052948999,0.41548687452590294,0.4154721269218877,0.41545736249282283,0.4154425812486721,0.4154277831993952,0.415412968354947,0.41539813672527853,0.415383288320336,0.4153684231500618,0.4153535412243933,0.4153386425532638,0.4153237271466023,0.4153087950143336,0.41529384616637766,0.41527888061265034,0.4152638983630635,0.4152488994275238,0.4152338838159344,0.41521885153819355,0.4152038026041955,0.41518873702382997,0.4151736548069824,0.4151585559635335,0.41514344050336016,0.4151283084363354,0.4151131597723263,0.4150979945211974,0.41508281269280767,0.41506761429701217,0.4150523993436612,0.4150371678426016,0.41502191980367564,0.4150066552367203,0.4149913741515697,0.4149760765580524,0.4149607624659935,0.41494543188521316,0.41493008482552773,0.41491472129674883,0.41489934130868417,0.41488394487113667,0.41486853199390533,0.4148531026867844,0.41483765695956465,0.41482219482203164,0.4148067162839671,0.4147912213551482,0.4147757100453483,0.414760182364336,0.4147446383218754,0.41472907792772706,0.4147135011916466,0.4146979081233859,0.41468229873269197,0.4146666730293075,0.4146510310229717,0.4146353727234186,0.4146196981403783,0.414604007283577,0.41458830016273623,0.414572576787573,0.4145568371678001,0.4145410813131268,0.41452530923325703,0.41450952093789145,0.4144937164367258,0.41447789573945143,0.4144620588557563,0.41444620579532315,0.41443033656783096,0.41441445118295434,0.41439854965036355,0.41438263197972475,0.4143666981806996,0.4143507482629458,0.41433478223611686,0.41431880010986133,0.41430280189382457,0.4142867875976467,0.41427075723096446,0.4142547108034097,0.41423864832461016,0.4142225698041898,0.41420647525176774,0.4141903646769591,0.4141742380893747,0.41415809549862137,0.4141419369143014,0.41412576234601317,0.4141095718033506,0.4140933652959033,0.4140771428332569,0.4140609044249926,0.41404465008068775,0.4140283798099148,0.41401209362224245,0.41399579152723504,0.4139794735344534,0.41396313965345305,0.4139467898937858,0.4139304242649993,0.4139140427766367,0.41389764543823765,0.41388123225933676,0.4138648032494647,0.41384835841814804,0.4138318977749095,0.4138154213292668,0.41379892909073396,0.41378242106882074,0.41376589727303303,0.413749357712872,0.41373280239783494,0.41371623133741464,0.41369964454110003,0.4136830420183757,0.4136664237787223,0.413649789831616,0.41363314018652875,0.41361647485292896,0.4135997938402795,0.4135830971580407,0.41356638481566765,0.4135496568226117,0.41353291318831986,0.4135161539222352,0.41349937903379613,0.41348258853243747,0.41346578242758947,0.41344896072867815,0.4134321234451263,0.41341527058635125,0.41339840216176704,0.41338151818078306,0.4133646186528048,0.4133477035872338,0.4133307729934672,0.41331382688089774,0.4132968652589146,0.4132798881369023,0.4132628955242414,0.4132458874303089,0.41322886386447655,0.41321182483611246,0.41319477035458096,0.413177700429242,0.41316061506945123,0.41314351428456053,0.41312639808391705,0.4131092664768645,0.41309211947274194,0.4130749570808845,0.4130577793106231,0.4130405861712849,0.41302337767219255,0.4130061538226647,0.41298891463201615,0.41297166010955694,0.41295439026459396,0.41293710510642884,0.4129198046443599,0.41290248888768105,0.4128851578456823,0.4128678115276497,0.4128504499428648,0.4128330731006051,0.41281568101014393,0.41279827368075095,0.4127808511216913,0.4127634133422262,0.4127459603516129,0.41272849215910445,0.4127110087739494,0.4126935102053929,0.4126759964626759,0.41265846755503505,0.41264092349170256,0.4126233642819072,0.41260578993487335,0.41258820045982153,0.41257059586596795,0.41255297616252484,0.4125353413587004,0.41251769146369854,0.41250002648671935,0.41248234643695875,0.41246465132360877,0.41244694115585706,0.41242921594288745,0.4124114756938796,0.41239372041800915,0.4123759501244475,0.4123581648223624,0.4123403645209172,0.4123225492292714,0.4123047189565804,0.4122868737119953,0.4122690135046636,0.4122511383437284,0.41223324823832896,0.4122153431976004,0.41219742323067377,0.41217948834667634,0.41216153855473076,0.4121435738639563,0.4121255942834676,0.4121075998223758,0.41208959048978794,0.41207156629480657,0.4120535272465308,0.4120354733540551,0.4120174046264706,0.41199932107286374,0.4119812227023175,0.4119631095239103,0.41194498154671716,0.4119268387798086,0.41190868123225155,0.4118905089131082,0.4118723218314375,0.41185411999629407,0.4118359034167284,0.411817672101787,0.4117994260605129,0.4117811653019445,0.4117628898351162,0.4117445996690589,0.41172629481279915,0.41170797527535963,0.4116896410657586,0.4116712921930111,0.41165292866612746,0.4116345504941147,0.41161615768597526,0.4115977502507077,0.41157932819730697,0.41156089153476383,0.41154244027206444,0.4115239744181918,0.41150549398212494,0.4114869989728385,0.41146848939930314,0.4114499652704859,0.4114314265953493,0.4114128733828525,0.41139430564195045,0.41137572338159417,0.41135712661073015,0.4113385153383018,0.4113198895732483,0.4113012493245044,0.4112825946010017,0.41126392541166706,0.41124524176542376,0.4112265436711911,0.4112078311378842,0.4111891041744148,0.41117036278968977,0.41115160699261316,0.4111328367920842,0.41111405219699837,0.4110952532162476,0.4110764398587192,0.4110576121332973,0.41103877004886125,0.4110199136142872,0.41100104283844735,0.4109821577302093,0.41096325829843733,0.4109443445519915,0.4109254164997281,0.41090647415049925,0.4108875175131533,0.4108685465965349,0.4108495614094845,0.4108305619608385,0.4108115482594296,0.4107925203140868,0.410773478133635,0.4107544217268948,0.4107353511026832,0.41071626626981333,0.4106971672370945,0.41067805401333196,0.4106589266073271,0.4106397850278773,0.4106206292837762,0.4106014593838135,0.41058227533677455,0.4105630771514415,0.4105438648365925,0.41052463840100173,0.4105053978534386,0.41048614320267,0.41046687445745844,0.4104475916265621,0.4104282947187354,0.41040898374272927,0.4103896587072908,0.4103703196211627,0.4103509664930842,0.41033159933179014,0.4103122181460122,0.4102928229444776,0.41027341373591014,0.41025399052902917,0.4102345533325508,0.4102151021551867,0.41019563700564526,0.41017615789263046,0.41015666482484275,0.4101371578109785,0.41011763685973035,0.410098101979787,0.41007855317983377,0.41005899046855154,0.41003941385461745,0.41001982334670445,0.4100002189534821,0.40998060068361614,0.4099609685457685,0.4099413225485969,0.4099216627007554,0.4099019890108945,0.4098823014876603,0.40986260013969544,0.40984288497563875,0.409823156004125,0.40980341323378505,0.4097836566732463,0.4097638863311318,0.40974410221606133,0.4097243043366506,0.4097044927015113,0.40968466731925157,0.4096648281984756,0.40964497534778394,0.40962510877577263,0.4096052284910349,0.40958533450215945,0.4095654268177315,0.4095455054463321,0.4095255703965392,0.4095056216769258,0.40948565929606207,0.4094656832625138,0.4094456935848434,0.40942569027160913,0.40940567333136585,0.40938564277266404,0.40936559860405086,0.4093455408340695,0.40932546947125936,0.40930538452415616,0.409285286001291,0.4092651739111925,0.4092450482623846,0.40922490906338804,0.4092047563227192,0.40918459004889074,0.4091644102504121,0.40914421693578806,0.40912401011352023,0.40910378979210626,0.4090835559800403,0.40906330868581237,0.40904304791790874,0.4090227736848121,0.40900248599500083,0.4089821848569503,0.40896187027913167,0.4089415422700122,0.40892120083805567,0.40890084599172216,0.40888047773946734,0.40886009608974444,0.40883970105100165,0.4088192926316838,0.40879887084023186,0.4087784356850836,0.4087579871746721,0.4087375253174274,0.4087170501217756,0.40869656159613904,0.4086760597489363,0.4086555445885821,0.40863501612348774,0.4086144743620602,0.4085939193127035,0.4085733509838172,0.4085527693837976,0.4085321745210368,0.40851156640392366,0.40849094504084266,0.40847031044017496,0.40844966261029825,0.40842900155958606,0.40840832729640847,0.4083876398291316,0.4083669391661179,0.40834622531572634,0.4083254982863118,0.4083047580862257,0.4082840047238151,0.40826323820742416,0.40824245854539337,0.4082216657460588,0.4082008598177532,0.40818004076880576,0.40815920860754135,0.40813836334228176,0.408117504981345,0.4080966335330451,0.40807574900569243,0.4080548514075937,0.4080339407470518,0.40801301703236653,0.40799208027183315,0.4079711304737437,0.4079501676463865,0.4079291917980455,0.40790820293700214,0.4078872010715334,0.40786618620991255,0.4078451583604097,0.4078241175312908,0.4078030637308178,0.40778199696724965,0.4077609172488415,0.40773982458384467,0.4077187189805066,0.4076976004470714,0.40767646899177923,0.40765532462286663,0.40763416734856667,0.4076129971771087,0.4075918141167181,0.40757061817561685,0.40754940936202305,0.40752818768415155,0.40750695315021307,0.40748570576841464,0.4074644455469604,0.40744317249404954,0.40742188661787865,0.4074005879266406,0.4073792764285238,0.40735795213171366,0.4073366150443921,0.4073152651747368,0.407293902530922,0.40727252712111855,0.40725113895349335,0.4072297380362096,0.4072083243774276,0.4071868979853031,0.40716545886798816,0.4071440070336319,0.4071225424903796,0.40710106524637246,0.40707957530974853,0.4070580726886418,0.4070365573911831,0.407015029425499,0.40699348879971337,0.4069719355219456,0.40695036960031195,0.40692879104292456,0.40690719985789253,0.4068855960533209,0.4068639796373114,0.40684235061796203,0.4068207090033672,0.40679905480161715,0.4067773880207989,0.40675570866899635,0.40673401675428944,0.40671231228475413,0.40669059526846324,0.4066688657134858,0.40664712362788735,0.40662536901972945,0.4066036018970703,0.4065818222679647,0.4065600301404634,0.40653822552261387,0.4065164084224602,0.40649457884804263,0.40647273680739715,0.40645088230855725,0.4064290153595524,0.40640713596840833,0.40638524414314725,0.4063633398917879,0.40634142322234507,0.4063194941428306,0.40629755266125217,0.40627559878561414,0.40625363252391744,0.40623165388415877,0.40620966287433197,0.4061876595024272,0.4061656437764305,0.406143615704325,0.4061215752940899,0.40609952255370096,0.4060774574911303,0.4060553801143463,0.40603329043131425,0.4060111884499953,0.40598907417834723,0.40596694762432456,0.40594480879587796,0.4059226577009548,0.40590049434749853,0.40587831874344915,0.4058561308967431,0.4058339308153135,0.4058117185070898,0.4057894939799978,0.4057672572419596,0.405745008300894,0.4057227471647166,0.40570047384133845,0.40567818833866814,0.40565589066460983,0.40563358082706513,0.40561125883393107,0.4055889246931017,0.40556657841246735,0.40554421999991513,0.4055218494633284,0.4054994668105867,0.40547707204956634,0.4054546651881404,0.40543224623417795,0.4054098151955446,0.40538737208010195,0.40536491689570997,0.40534244965022276,0.4053199703514922,0.40529747900736657,0.40527497562569015,0.40525246021430406,0.40522993278104597,0.4052073933337497,0.4051848418802459,0.4051622784283616,0.40513970298592017,0.40511711556074176,0.4050945161606425,0.40507190479343574,0.40504928146693053,0.40502664618893325,0.405003998967246,0.4049813398096681,0.4049586687239948,0.4049359857180179,0.4049132907995266,0.4048905839763049,0.404867865256135,0.40484513464679445,0.4048223921560578,0.40479963779169625,0.40477687156147746,0.40475409347316504,0.40473130353451975,0.4047085017532989,0.4046856881372558,0.4046628626941408,0.4046400254317002,0.40461717635767736,0.4045943154798119,0.40457144280584,0.4045485583434948,0.4045256621005051,0.40450275408459674,0.4044798343034921,0.40445690276490986,0.40443395947656574,0.4044110044461718,0.40438803768143583,0.4043650591900635,0.40434206897975616,0.40431906705821197,0.4042960534331253,0.40427302811218735,0.4042499911030861,0.4042269424135057,0.40420388205112695,0.40418081002362716,0.4041577263386804,0.40413463100395686,0.4041115240271239,0.404088405415845,0.40406527517777985,0.40404213332058597,0.4040189798519159,0.40399581477941987,0.40397263811074413,0.4039494498535314,0.4039262500154215,0.40390303860405047,0.4038798156270508,0.40385658109205186,0.40383333500667945,0.4038100773785555,0.4037868082152993,0.4037635275245265,0.4037402353138489,0.4037169315908753,0.40369361636321055,0.4036702896384571,0.40364695142421314,0.4036236017280733,0.40360024055762966,0.40357686792047,0.403553483824179,0.4035300882763382,0.40350668128452577,0.40348326285631586,0.4034598329992793,0.4034363917209846,0.4034129390289955,0.40338947493087307,0.40336599943417456,0.4033425125464541,0.4033190142752626,0.4032955046281472,0.40327198361265176,0.40324845123631703,0.40322490750667994,0.4032013524312743,0.40317778601763027,0.40315420827327514,0.4031306192057324,0.40310701882252153,0.40308340713116003,0.4030597841391613,0.4030361498540351,0.40301250428328816,0.40298884743442365,0.4029651793149415,0.40294149993233846,0.40291780929410714,0.40289410740773784,0.40287039428071675,0.4028466699205266,0.4028229343346472,0.40279918753055494,0.40277542951572254,0.4027516602976196,0.4027278798837127,0.4027040882814644,0.4026802854983338,0.40265647154177736,0.4026326464192475,0.402608810138194,0.40258496270606264,0.40256110413029617,0.40253723441833394,0.4025133535776119,0.4024894616155627,0.40246555853961535,0.40244164435719587,0.40241771907572715,0.4023937827026283,0.4023698352453148,0.40234587671119953,0.4023219071076916,0.402297926442197,0.4022739347221183,0.40224993195485403,0.4022259181478006,0.40220189330835054,0.40217785744389317,0.402153810561814,0.40212975266949574,0.40210568377431727,0.4020816038836549,0.4020575130048806,0.40203341114536395,0.402009298312471,0.40198517451356425,0.4019610397560027,0.4019368940471424,0.40191273739433575,0.40188856980493265,0.4018643912862787,0.40184020184571656,0.4018160014905856,0.4017917902282217,0.4017675680659578,0.40174333501112336,0.4017190910710444,0.4016948362530438,0.4016705705644408,0.4016462940125519,0.4016220066046899,0.4015977083481644,0.4015733992502817,0.40154907931834477,0.40152474855965364,0.40150040698150424,0.4014760545911901,0.4014516913960009,0.40142731740322285,0.4014029326201396,0.4013785370540313,0.40135413071217413,0.40132971360184155,0.401305285730304,0.401280847104828,0.4012563977326773,0.40123193762111214,0.40120746677738917,0.4011829852087626,0.40115849292248246,0.4011339899257959,0.40110947622594695,0.4010849518301762,0.4010604167457211,0.40103587097981547,0.4010113145396904,0.4009867474325731,0.4009621696656882,0.4009375812462564,0.40091298218149557,0.40088837247862,0.4008637521448414,0.4008391211873673,0.4008144796134025,0.40078982743014835,0.400765164644803,0.40074049126456185,0.4007158072966162,0.40069111274815444,0.4006664076263622,0.40064169193842075,0.40061696569150923,0.4005922288928031,0.4005674815494743,0.4005427236686919,0.4005179552576216,0.40049317632342585,0.4004683868732641,0.4004435869142921,0.40041877645366286,0.4003939554985257,0.40036912405602704,0.40034428213331,0.40031942973751405,0.400294566875776,0.4002696935552294,0.40024480978300414,0.4002199155662273,0.40019501091202264,0.40017009582751056,0.40014517031980834,0.40012023439602995,0.4000952880632863,0.4000703313286847,0.40004536419932957,0.40002038668232226,0.3999953987847606,0.39997040051373955,0.3999453918763505,0.3999203728796816,0.39989534353081807,0.399870303836842,0.3998452538048318,0.3998201934418632,0.3997951227550084,0.39977004175133646,0.39974495043791325,0.39971984882180134,0.39969473691006063,0.3996696147097466,0.39964448222791327,0.39961933947161027,0.3995941864478839,0.39956902316377807,0.3995438496263331,0.3995186658425857,0.39949347181957034,0.3994682675643176,0.39944305308385486,0.39941782838520656,0.3993925934753943,0.3993673483614358,0.3993420930503456,0.3993168275491358,0.39929155186481474,0.3992662660043879,0.39924096997485725,0.3992156637832217,0.39919034743647724,0.3991650209416164,0.3991396843056286,0.39911433753550013,0.3990889806382142,0.3990636136207506,0.39903823649008624,0.3990128492531949,0.398987451917047,0.3989620444886094,0.3989366269748465,0.39891119938271946,0.398885761719186,0.3988603139912007,0.3988348562057152,0.39880938836967783,0.3987839104900338,0.39875842257372524,0.3987329246276909,0.39870741665886666,0.39868189867418513,0.3986563706805758,0.3986308326849651,0.3986052846942759,0.39857972671542874,0.3985541587553402,0.398528580820924,0.39850299291909097,0.39847739505674856,0.39845178724080094,0.3984261694781495,0.39840054177569245,0.3983749041403247,0.398349256578938,0.398323599098421,0.3982979317056594,0.39827225440753555,0.3982465672109288,0.39822087012271573,0.3981951631497687,0.3981694462989584,0.39814371957715133,0.39811798299121126,0.3980922365479988,0.3980664802543714,0.39804071411718345,0.39801493814328603,0.39798915233952775,0.39796335671275346,0.3979375512698047,0.39791173601752067,0.3978859109627374,0.3978600761122871,0.3978342314729992,0.3978083770517003,0.3977825128552139,0.3977566388903597,0.39773075516395523,0.39770486168281416,0.3976789584537474,0.39765304548356306,0.39762712277906603,0.39760119034705743,0.39757524819433604,0.39754929632769737,0.39752333475393353,0.39749736347983405,0.39747138251218495,0.3974453918577695,0.3974193915233679,0.39739338151575665,0.3973673618417096,0.39734133250799786,0.3973152935213888,0.3972892448886473,0.3972631866165347,0.3972371187118095,0.3972110411812273,0.39718495403154014,0.3971588572694974,0.3971327509018452,0.3971066349353265,0.39708050937668166,0.3970543742326475,0.39702822950995764,0.3970020752153434,0.3969759113555323,0.3969497379372493,0.396923554967216,0.39689736245215046,0.39687116039876913,0.3968449488137839,0.39681872770390414,0.3967924970758367,0.3967662569362845,0.3967400072919476,0.3967137481495239,0.3966874795157072,0.3966612013971884,0.39663491380065585,0.3966086167327946,0.39658231020028645,0.39655599420981086,0.3965296687680433,0.39650333388165665,0.39647698955732097,0.3964506358017026,0.3964242726214653,0.3963979000232703,0.3963715180137752,0.3963451265996343,0.39631872578749927,0.396292315584019,0.396265895995839,0.39623946702960156,0.39621302869194647,0.3961865809895101,0.3961601239289256,0.3961336575168238,0.3961071817598321,0.3960806966645745,0.3960542022376729,0.39602769848574537,0.3960011854154072,0.39597466303327084,0.39594813134594536,0.3959215903600374,0.39589504008215015,0.39586848051888385,0.39584191167683563,0.39581533356259996,0.3957887461827681,0.39576214954392824,0.39573554365266544,0.39570892851556216,0.3956823041391975,0.3956556705301479,0.39562902769498626,0.3956023756402831,0.3955757143726054,0.39554904389851775,0.39552236422458104,0.3954956753573538,0.39546897730339126,0.39544227006924537,0.3954155536614661,0.3953888280865989,0.3953620933511878,0.39533534946177296,0.39530859642489136,0.39528183424707725,0.39525506293486273,0.39522828249477554,0.3952014929333414,0.3951746942570827,0.3951478864725191,0.39512106958616666,0.395094243604539,0.39506740853414685,0.39504056438149765,0.395013711153096,0.3949868488554438,0.3949599774950392,0.39493309707837804,0.39490620761195305,0.39487930910225394,0.3948524015557677,0.39482548497897796,0.3947985593783658,0.39477162476040867,0.39474468113158195,0.3947177284983575,0.39469076686720417,0.3946637962445884,0.394636816636973,0.3946098280508182,0.39458283049258114,0.3945558239687163,0.39452880848567495,0.3945017840499048,0.39447475066785226,0.39444770834595944,0.39442065709066576,0.39439359690840775,0.3943665278056193,0.39433944978873064,0.39431236286417004,0.3942852670383624,0.39425816231772925,0.39423104870868936,0.39420392621765926,0.3941767948510515,0.3941496546152766,0.39412250551674166,0.39409534756185083,0.3940681807570058,0.3940410051086046,0.394013820623043,0.3939866273067134,0.3939594251660058,0.3939322142073067,0.3939049944369995,0.39387776586146567,0.393850528487083,0.39382328232022656,0.3937960273672682,0.3937687636345775,0.39374149112852064,0.393714209855461,0.3936869198217588,0.3936596210337718,0.39363231349785477,0.39360499722035935,0.3935776722076344,0.3935503384660257,0.3935229960018767,0.3934956448215272,0.39346828493131436,0.3934409163375726,0.3934135390466334,0.39338615306482533,0.39335875839847373,0.3933313550539018,0.3933039430374289,0.393276522355372,0.3932490930140454,0.39322165501976,0.39319420837882413,0.3931667530975434,0.3931392891822201,0.3931118166391536,0.3930843354746411,0.3930568456949758,0.39302934730644906,0.3930018403153489,0.39297432472796057,0.3929468005505661,0.3929192677894451,0.39289172645087395,0.3928641765411264,0.39283661806647324,0.39280905103318225,0.39278147544751885,0.3927538913157448,0.3927262986441193,0.39269869743889935,0.3926710877063382,0.3926434694526862,0.39261584268419153,0.39258820740709893,0.39256056362765085,0.39253291135208646,0.39250525058664176,0.3924775813375507,0.3924499036110437,0.3924222174133484,0.3923945227506898,0.39236681962929015,0.39233910805536837,0.3923113880351413,0.3922836595748222,0.39225592268062165,0.39222817735874765,0.39220042361540514,0.39217266145679625,0.39214489088912013,0.39211711191857346,0.3920893245513496,0.3920615287936393,0.39203372465163056,0.3920059121315084,0.3919780912394547,0.3919502619816495,0.3919224243642691,0.39189457839348735,0.3918667240754745,0.391838861416399,0.39181099042242623,0.3917831110997186,0.3917552234544354,0.39172732749273337,0.3916994232207664,0.39167151064468575,0.39164358977063934,0.39161566060477276,0.3915877231532288,0.39155977742214726,0.391531823417665,0.39150386114591584,0.39147589061303156,0.39144791182514005,0.3914199247883676,0.39139192950883683,0.39136392599266795,0.391335914245978,0.3913078942748813,0.39127986608548987,0.3912518296839124,0.3912237850762547,0.39119573226862014,0.39116767126710883,0.3911396020778188,0.3911115247068443,0.39108343916027777,0.39105534544420834,0.39102724356472224,0.3909991335279031,0.39097101533983186,0.3909428890065862,0.3909147545342415,0.39088661192887,0.3908584611965414,0.3908303023433225,0.39080213537527747,0.3907739602984676,0.390745777118951,0.3907175858427834,0.3906893864760179,0.39066117902470443,0.39063296349489024,0.3906047398926199,0.39057650822393525,0.3905482684948752,0.3905200207114758,0.3904917648797706,0.3904635010057901,0.39043522909556255,0.3904069491551126,0.3903786611904626,0.3903503652076322,0.39032206121263796,0.39029374921149385,0.39026542921021135,0.3902371012147986,0.39020876523126136,0.3901804212656028,0.39015206932382307,0.3901237094119193,0.3900953415358864,0.3900669657017159,0.39003858191539714,0.39001019018291627,0.389981790510257,0.3899533829034003,0.3899249673683244,0.3898965439110039,0.3898681125374118,0.3898396732535182,0.3898112260652898,0.38978277097869096,0.3897543079996831,0.38972583713422515,0.38969735838827346,0.38966887176778126,0.3896403772786987,0.3896118749269739,0.3895833647185523,0.38955484665937595,0.38952632075538457,0.3894977870125146,0.3894692454367008,0.38944069603387427,0.3894121388099635,0.38938357377089483,0.3893550009225915,0.38932642027097364,0.3892978318219593,0.3892692355814633,0.3892406315553981,0.38921201974967273,0.3891834001701944,0.38915477282286726,0.38912613771359256,0.3890974948482689,0.3890688442327927,0.3890401858730566,0.3890115197749513,0.38898284594436483,0.388954164387182,0.38892547510928505,0.38889677811655377,0.38886807341486523,0.38883936101009337,0.3888106409081098,0.38878191311478333,0.38875317763597994,0.38872443447756294,0.388695683645393,0.388666925145328,0.3886381589832235,0.388609385164932,0.38858060369630326,0.3885518145831843,0.3885230178314196,0.38849421344685087,0.38846540143531727,0.38843658180265495,0.38840775455469795,0.3883789196972768,0.3883500772362196,0.3883212271773526,0.38829236952649815,0.38826350428947676,0.3882346314721055,0.3882057510801995,0.3881768631195708,0.3881479675960289,0.3881190645153803,0.3880901538834291,0.388061235705977,0.38803230998882254,0.3880033767377616,0.38797443595858766,0.3879454876570912,0.3879165318390604,0.38788756851028067,0.3878585976765341,0.3878296193436015,0.38780063351725924,0.3877716402032825,0.387742639407443,0.3877136311355104,0.38768461539325066,0.3876555921864283,0.38762656152080444,0.38759752340213743,0.38756847783618315,0.387539424828695,0.3875103643854241,0.38748129651211777,0.3874522212145213,0.3874231384983777,0.3873940483694267,0.3873649508334057,0.38733584589604964,0.38730673356309014,0.3872776138402567,0.3872484867332759,0.387219352247872,0.3871902103897663,0.3871610611646776,0.387131904578322,0.3871027406364128,0.3870735693446608,0.38704439070877444,0.387015204734459,0.38698601142741756,0.38695681079335026,0.38692760283795485,0.3868983875669259,0.38686916498595614,0.38683993510073494,0.38681069791694983,0.3867814534402849,0.38675220167642194,0.38672294263104,0.3866936763098158,0.3866644027184233,0.38663512186253346,0.38660583374781504,0.3865765383799341,0.38654723576455413,0.38651792590733586,0.38648860881393715,0.38645928449001377,0.3864299529412183,0.3864006141732013,0.38637126819161055,0.38634191500209064,0.3863125546102842,0.386283187021831,0.3862538122423683,0.3862244302775307,0.3861950411329498,0.3861656448142554,0.3861362413270741,0.38610683067702983,0.3860774128697442,0.3860479879108361,0.3860185558059218,0.38598911656061513,0.38595967018052707,0.3859302166712662,0.38590075603843815,0.38587128828764644,0.38584181342449164,0.38581233145457194,0.38578284238348254,0.38575334621681656,0.3857238429601641,0.385694332619113,0.3856648151992485,0.3856352907061525,0.38560575914540585,0.3855762205225853,0.38554667484326566,0.3855171221130191,0.385487562337415,0.38545799552202037,0.3854284216724,0.38539884079411496,0.3853692528927253,0.38533965797378716,0.3853100560428546,0.38528044710547926,0.3852508311672099,0.38522120823359296,0.38519157831017214,0.3851619414024883,0.38513229751608025,0.38510264665648436,0.3850729888292336,0.38504332403985897,0.38501365229388895,0.3849839735968493,0.3849542879542627,0.3849245953716499,0.3848948958545291,0.38486518940841585,0.3848354760388232,0.38480575575126114,0.3847760285512376,0.38474629444425773,0.384716553435824,0.38468680553143675,0.38465705073659345,0.384627289056789,0.3845975204975161,0.3845677450642642,0.384537962762521,0.3845081735977712,0.38447837757549663,0.3844485747011776,0.38441876498029065,0.38438894841831056,0.3843591250207094,0.38432929479295663,0.38429945774051893,0.3842696138688608,0.38423976318344455,0.3842099056897288,0.3841800413931705,0.38415017029922427,0.3841202924133413,0.38409040774097053,0.3840605162875592,0.38403061805855115,0.384000713059388,0.38397080129550826,0.3839408827723489,0.38391095749534354,0.38388102546992386,0.3838510867015187,0.3838211411955542,0.3837911889574541,0.3837612299926402,0.3837312643065306,0.38370129190454205,0.3836713127920881,0.3836413269745798,0.383611334457426,0.3835813352460329,0.38355132934580394,0.3835213167621405,0.38349129750044064,0.3834612715661009,0.38343123896451514,0.38340119970107384,0.3833711537811656,0.38334110121017656,0.38331104199349014,0.38328097613648776,0.38325090364454756,0.3832208245230455,0.38319073877735527,0.3831606464128474,0.3831305474348911,0.3831004418488518,0.38307032966009297,0.38304021087397594,0.3830100854958591,0.3829799535310979,0.3829498149850462,0.38291966986305487,0.38288951817047273,0.38285935991264536,0.3828291950949163,0.38279902372262664,0.3827688458011148,0.38273866133571693,0.38270847033176636,0.3826782727945942,0.382648068729529,0.38261785814189675,0.382587641037021,0.382557417420223,0.3825271872968211,0.38249695067213185,0.3824667075514681,0.3824364579401418,0.3824062018434614,0.3823759392667329,0.38234567021526,0.3823153946943443,0.3822851127092841,0.38225482426537577,0.38222452936791335,0.382194228022188,0.38216392023348894,0.3821336060071023,0.38210328534831184,0.3820729582623992,0.3820426247546432,0.38201228483032057,0.38198193849470524,0.381951585753069,0.3819212266106807,0.38189086107280734,0.3818604891447128,0.3818301108316592,0.38179972613890534,0.3817693350717083,0.38173893763532224,0.38170853383499925,0.381678123675989,0.38164770716353813,0.3816172843028916,0.3815868550992911,0.3815564195579762,0.3815259776841847,0.3814955294831507,0.3814650749601069,0.3814346141202829,0.3814041469689061,0.3813736735112016,0.38134319375239206,0.38131270769769715,0.3812822153523349,0.3812517167215202,0.3812212118104658,0.38119070062438193,0.3811601831684768,0.38112965944795546,0.3810991294680211,0.38106859323387415,0.3810380507507132,0.38100750202373346,0.3809769470581283,0.3809463858590886,0.38091581843180267,0.3808852447814564,0.3808546649132334,0.3808240788323148,0.3807934865438794,0.38076288805310343,0.3807322833651606,0.3807016724852222,0.3806710554184576,0.38064043217003307,0.38060980274511264,0.38057916714885826,0.38054852538642925,0.38051787746298255,0.38048722338367247,0.3804565631536511,0.38042589677806793,0.3803952242620704,0.38036454561080324,0.380333860829409,0.3803031699230276,0.3802724728967965,0.38024176975585094,0.38021106050532366,0.3801803451503452,0.3801496236960433,0.3801188961475439,0.38008816250996963,0.38005742278844185,0.3800266769880783,0.37999592511399494,0.3799651671713056,0.3799344031651217,0.3799036331005515,0.3798728569827014,0.3798420748166754,0.3798112866075753,0.3797804923605,0.3797496920805464,0.3797188857728089,0.37968807344237937,0.3796572550943475,0.37962643073380065,0.3795956003658235,0.37956476399549854,0.3795339216279057,0.3795030732681229,0.3794722189212249,0.3794413585922851,0.3794104922863739,0.37937962000855957,0.37934874176390765,0.3793178575574815,0.3792869673943425,0.3792560712795489,0.37922516921815697,0.3791942612152208,0.37916334727579154,0.3791324274049189,0.3791015016076491,0.3790705698890268,0.3790396322540942,0.37900868870789045,0.37897773925545314,0.3789467839018172,0.3789158226520153,0.3788848555110771,0.3788538824840308,0.37882290357590187,0.3787919187917132,0.37876092813648576,0.3787299316152381,0.37869892923298576,0.37866792099474295,0.3786369069055203,0.3786058869703271,0.37857486119416983,0.37854382958205307,0.3785127921389784,0.3784817488699453,0.3784506997799508,0.37841964487398994,0.37838858415705534,0.37835751763413683,0.3783264453102226,0.37829536719029794,0.37826428327934575,0.3782331935823467,0.3782020981042794,0.37817099685012,0.3781398898248421,0.3781087770334171,0.3780776584808137,0.37804653417199907,0.3780154041119372,0.3779842683055903,0.3779531267579178,0.37792197947387746,0.3778908264584241,0.3778596677165106,0.3778285032530869,0.37779733307310126,0.3777661571814995,0.3777349755832247,0.377703788283218,0.3776725952864182,0.3776413965977615,0.3776101922221821,0.3775789821646116,0.3775477664299797,0.3775165450232133,0.377485317949237,0.37745408521297324,0.3774228468193424,0.37739160277326206,0.3773603530796479,0.377329097743413,0.37729783676946843,0.37726657016272225,0.3772352979280808,0.3772040200704482,0.3771727365947256,0.3771414475058127,0.3771101528086066,0.37707885250800177,0.3770475466088907,0.3770162351161634,0.37698491803470735,0.3769535953694082,0.3769222671251492,0.37689093330681095,0.3768595939192722,0.37682824896740913,0.37679689845609554,0.3767655423902029,0.3767341807746008,0.37670281361415664,0.37667144091373456,0.37664006267819733,0.37660867891240496,0.376577289621215,0.3765458948094836,0.3765144944820636,0.37648308864380603,0.37645167729955986,0.3764202604541712,0.3763888381124842,0.3763574102793407,0.3763259769595805,0.3762945381580405,0.3762630938795557,0.3762316441289592,0.3762001889110807,0.37616872823074854,0.3761372620927892,0.37610579050202525,0.37607431346327874,0.3760428309813685,0.3760113430611111,0.37597984970732096,0.37594835092481044,0.37591684671838926,0.3758853370928651,0.3758538220530432,0.3758223016037268,0.37579077574971687,0.37575924449581166,0.3757277078468077,0.37569616580749876,0.37566461838267673,0.37563306557713083,0.3756015073956486,0.3755699438430149,0.3755383749240124,0.3755068006434217,0.37547522100602054,0.37544363601658515,0.37541204567988895,0.3753804500007033,0.3753488489837977,0.3753172426339389,0.37528563095589124,0.3752540139544176,0.37522239163427745,0.3751907640002291,0.375159131057028,0.3751274928094273,0.37509584926217854,0.3750642004200304,0.37503254628772925,0.37500088687001976,0.3749692221716438,0.37493755219734126,0.3749058769518503,0.37487419643990577,0.3748425106662408,0.3748108196355863,0.3747791233526711,0.3747474218222216,0.3747157150489618,0.374684003037614,0.37465228579289767,0.37462056331953036,0.37458883562222717,0.3745571027057012,0.37452536457466307,0.37449362123382135,0.3744618726878826,0.37443011894155104,0.37439835999952803,0.3743665958665134,0.3743348265472044,0.37430305204629644,0.37427127236848223,0.3742394875184529,0.3742076975008965,0.3741759023204992,0.37414410198194525,0.3741122964899167,0.37408048584909287,0.37404867006415116,0.37401684913976685,0.373985023080613,0.37395319189136045,0.3739213555766772,0.37388951414122984,0.3738576675896824,0.37382581592669684,0.37379395915693286,0.3737620972850478,0.37373023031569697,0.3736983582535334,0.37366648110320777,0.37363459886936895,0.3736027115566632,0.37357081916973467,0.3735389217132255,0.3735070191917758,0.37347511161002245,0.37344319897260136,0.37341128128414564,0.37337935854928617,0.373347430772652,0.3733154979588693,0.3732835601125631,0.37325161723835487,0.3732196693408651,0.37318771642471144,0.3731557584945096,0.3731237955548727,0.3730918276104124,0.37305985466573766,0.3730278767254551,0.37299589379416964,0.3729639058764837,0.3729319129769976,0.3728999151003094,0.37286791225101484,0.372835904433708,0.3728038916529803,0.3727718739134209,0.3727398512196174,0.37270782357615434,0.3726757909876148,0.3726437534585794,0.3726117109936268,0.37257966359733297,0.3725476112742723,0.37251555402901665,0.3724834918661357,0.37245142479019705,0.37241935280576605,0.3723872759174061,0.37235519412967827,0.3723231074471414,0.37229101587435237,0.3722589194158656,0.37222681807623315,0.3721947118600059,0.3721626007717316,0.37213048481595634,0.37209836399722374,0.37206623832007535,0.3720341077890509,0.37200197240868693,0.37196983218351926,0.37193768711808084,0.37190553721690184,0.37187338248451124,0.3718412229254355,0.3718090585441986,0.3717768893453232,0.371744715333329,0.37171253651273384,0.3716803528880534,0.3716481644638013,0.37161597124448903,0.37158377323462605,0.37155157043871867,0.3715193628612727,0.3714871505067906,0.3714549333797731,0.3714227114847185,0.3713904848261229,0.3713582534084815,0.3713260172362858,0.37129377631402544,0.3712615306461887,0.37122928023726093,0.37119702509172553,0.3711647652140645,0.3711325006087567,0.37110023128027936,0.37106795723310737,0.3710356784717136,0.37100339500056867,0.37097110682414136,0.37093881394689776,0.3709065163733026,0.3708742141078176,0.37084190715490317,0.37080959551901704,0.3707772792046151,0.37074495821615105,0.3707126325580765,0.3706803022348407,0.3706479672508911,0.3706156276106728,0.3705832833186286,0.3705509343792,0.37051858079682526,0.37048622257594127,0.3704538597209827,0.3704214922363823,0.3703891201265698,0.3703567433959738,0.37032436204902036,0.3702919760901334,0.37025958552373467,0.37022719035424423,0.3701947905860793,0.37016238622365577,0.3701299772713871,0.37009756373368474,0.3700651456149576,0.3700327229196131,0.370000295652056,0.369967863816689,0.3699354274179132,0.3699029864601273,0.369870540947728,0.36983809088510944,0.3698056362766644,0.3697731771267827,0.3697407134398532,0.3697082452202615,0.36967577247239136,0.3696432952006252,0.3696108134093429,0.3695783271029217,0.36954583628573745,0.3695133409621637,0.36948084113657165,0.369448336813331,0.36941582799680867,0.3693833146913702,0.36935079690137845,0.369318274631194,0.3692857478851764,0.3692532166676821,0.36922068098306604,0.3691881408356805,0.36915559622987626,0.3691230471700018,0.36909049366040336,0.36905793570542544,0.36902537330941015,0.3689928064766977,0.36896023521162624,0.3689276595185316,0.36889507940174776,0.3688624948656065,0.3688299059144376,0.36879731255256887,0.3687647147843259,0.36873211261403216,0.36869950604600926,0.3686668950845765,0.368634279734051,0.3686016599987485,0.3685690358829818,0.36853640739106225,0.36850377452729866,0.3684711372959983,0.3684384957014659,0.36840584974800467,0.36837319943991503,0.36834054478149597,0.3683078857770442,0.36827522243085425,0.36824255474721845,0.36820988273042743,0.36817720638476986,0.36814452571453193,0.36811184072399816,0.3680791514174509,0.36804645779917,0.36801375987343393,0.36798105764451866,0.3679483511166984,0.3679156402942449,0.36788292518142846,0.3678502057825167,0.36781748210177573,0.3677847541434692,0.36775202191185896,0.36771928541120485,0.3676865446457645,0.367653799619793,0.36762105033754466,0.36758829680327076,0.36755553902122107,0.36752277699564284,0.3674900107307816,0.3674572402308807,0.3674244655001814,0.36739168654292287,0.36735890336334276,0.36732611596567605,0.36729332435415624,0.3672605285330143,0.36722772850647944,0.3671949242787787,0.3671621158541372,0.3671293032367779,0.36709648643092196,0.3670636654407883,0.36703084027059396,0.3669980109245538,0.36696517740688067,0.36693233972178546,0.3668994978734773,0.3668666518661628,0.3668338017040468,0.36680094739133207,0.3667680889322192,0.36673522633090727,0.36670235959159303,0.36666948871847105,0.366636613715734,0.3666037345875729,0.36657085133817546,0.3665379639717291,0.3665050724924186,0.36647217690442613,0.36643927721193237,0.3664063734191162,0.36637346553015393,0.36634055354921996,0.3663076374804872,0.36627471732812594,0.366241793096305,0.36620886478919035,0.3661759324109476,0.36614299596573824,0.36611005545772335,0.366077110891061,0.3660441622699081,0.36601120959841926,0.36597825288074676,0.36594529212104115,0.3659123273234509,0.3658793584921224,0.3658463856312003,0.3658134087448272,0.36578042783714354,0.36574744291228795,0.3657144539743966,0.3656814610276042,0.36564846407604334,0.3656154631238448,0.365582458175137,0.36554944923404636,0.3655164363046975,0.3654834193912131,0.36545039849771366,0.36541737362831794,0.3653843447871429,0.36535131197830256,0.36531827520590954,0.365285234474075,0.36525218978690766,0.3652191411485138,0.36518608856299817,0.3651530320344638,0.36511997156701154,0.36508690716474,0.3650538388317458,0.365020766572124,0.3649876903899675,0.36495461028936704,0.3649215262744115,0.36488843834918805,0.3648553465177815,0.36482225078427477,0.36478915115274935,0.3647560476272838,0.3647229402119554,0.3646898289108393,0.3646567137280082,0.36462359466753363,0.3645904717334849,0.36455734492992914,0.36452421426093157,0.3644910797305555,0.3644579413428625,0.36442479910191145,0.3643916530117603,0.36435850307646417,0.364325349300077,0.36429219168665,0.36425903024023293,0.36422586496487314,0.36419269586461656,0.3641595229435066,0.3641263462055852,0.3640931656548924,0.3640599812954658,0.36402679313134156,0.3639936011665532,0.3639604054051331,0.3639272058511111,0.36389400250851534,0.36386079538137195,0.3638275844737055,0.3637943697895377,0.3637611513328892,0.36372792910777835,0.36369470311822155,0.36366147336823323,0.36362823986182574,0.36359500260300975,0.3635617615957941,0.36352851684418536,0.36349526835218854,0.36346201612380624,0.36342876016303943,0.36339550047388697,0.36336223706034587,0.36332896992641134,0.36329569907607634,0.3632624245133322,0.3632291462421686,0.3631958642665725,0.3631625785905293,0.3631292892180223,0.36309599615303334,0.36306269939954194,0.36302939896152586,0.362996094842961,0.36296278704782114,0.362929475580078,0.36289616044370165,0.36286284164266036,0.36282951918092005,0.36279619306244537,0.3627628632911982,0.36272952987113904,0.3626961928062261,0.36266285210041627,0.3626295077576639,0.3625961597819219,0.362562808177141,0.36252945294727007,0.362496094096256,0.36246273162804377,0.3624293655465768,0.36239599585579624,0.36236262255964136,0.3623292456620493,0.3622958651669557,0.3622624810782941,0.36222909339999626,0.362195702135992,0.36216230729020915,0.3621289088665734,0.362095506869009,0.3620621013014379,0.36202869216778055,0.36199527947195514,0.36196186321787793,0.36192844340946384,0.36189502005062524,0.3618615931452728,0.36182816269731544,0.3617947287106598,0.3617612911892112,0.36172785013687286,0.36169440555754545,0.3616609574551289,0.3616275058335202,0.3615940506966153,0.3615605920483075,0.36152712989248875,0.36149366423304874,0.3614601950738754,0.36142672241885515,0.36139324627187186,0.36135976663680797,0.3613262835175438,0.361292796917958,0.3612593068419273,0.3612258132933261,0.36119231627602755,0.36115881579390247,0.3611253118508201,0.3610918044506475,0.36105829359725045,0.3610247792944923,0.3609912615462342,0.360957740356336,0.3609242157286555,0.36089068766704857,0.36085715617536956,0.3608236212574706,0.3607900829172019,0.3607565411584119,0.3607229959849471,0.36068944740065234,0.3606558954093705,0.36062234001494237,0.3605887812212072,0.36055521903200205,0.36052165345116227,0.3604880844825214,0.3604545121299112,0.3604209363971611,0.360387357288099,0.3603537748065511,0.3603201889563412,0.36028659974129196,0.36025300716522374,0.3602194112319547,0.3601858119453023,0.36015220930908076,0.3601186033271034,0.3600849940031812,0.360051381341123,0.3600177653447368,0.35998414601782813,0.3599505233642003,0.3599168973876555,0.3598832680919934,0.3598496354810122,0.3598159995585082,0.35978236032827593,0.35974871779410805,0.359715071959795,0.35968142282912596,0.3596477704058874,0.35961411469386506,0.3595804556968419,0.3595467934185997,0.35951312786291784,0.35947945903357437,0.3594457869343449,0.3594121115690037,0.35937843294132304,0.3593447510550734,0.35931106591402356,0.3592773775219396,0.359243685882587,0.35920999099972856,0.35917629287712527,0.3591425915185368,0.3591088869277208,0.35907517910843284,0.3590414680644269,0.35900775379945504,0.35897403631726715,0.35894031562161194,0.35890659171623596,0.3588728646048839,0.3588391342912984,0.35880540077922074,0.3587716640723898,0.3587379241745436,0.3587041810894172,0.35867043482074445,0.35863668537225746,0.35860293274768634,0.35856917695075907,0.35853541798520216,0.35850165585474036,0.35846789056309647,0.3584341221139912,0.35840035051114383,0.35836657575827174,0.35833279785909067,0.3582990168173142,0.3582652326366539,0.35823144532082046,0.35819765487352156,0.3581638612984639,0.3581300645993519,0.35809626477988843,0.35806246184377466,0.3580286557947098,0.35799484663639086,0.35796103437251375,0.357927219006772,0.3578934005428577,0.3578595789844606,0.35782575433526964,0.35779192659897113,0.35775809577924955,0.35772426187978795,0.3576904249042675,0.35765658485636737,0.3576227417397654,0.3575888955581371,0.35755504631515617,0.3575211940144948,0.3574873386598233,0.35745348025481005,0.3574196188031219,0.35738575430842384,0.3573518867743786,0.3573180162046478,0.3572841426028907,0.35725026597276544,0.35721638631792757,0.35718250364203125,0.35714861794872893,0.35711472924167126,0.35708083752450687,0.3570469428008825,0.3570130450744434,0.35697914434883343,0.3569452406276937,0.356911333914664,0.35687742421338264,0.3568435115274856,0.35680959586060745,0.35677567721638065,0.3567417555984363,0.35670783101040365,0.35667390345590994,0.35663997293858074,0.3566060394620394,0.35657210302990805,0.35653816364580726,0.3565042213133553,0.3564702760361687,0.3564363278178624,0.3564023766620492,0.35636842257234064,0.35633446555234627,0.3563005056056738,0.35626654273592934,0.35623257694671706,0.35619860824163924,0.3561646366242969,0.35613066209828886,0.356096684667212,0.3560627043346617,0.3560287211042317,0.35599473497951395,0.35596074596409866,0.35592675406157354,0.3558927592755254,0.35585876160953894,0.3558247610671974,0.35579075765208196,0.35575675136777213,0.3557227422178456,0.35568873020587843,0.35565471533544457,0.3556206976101166,0.3555866770334652,0.35555265360905935,0.3555186273404663,0.35548459823125117,0.3554505662849778,0.3554165315052078,0.3553824938955016,0.35534845345941785,0.35531441020051313,0.3552803641223421,0.3552463152284576,0.3552122635224116,0.3551782090077534,0.3551441516880312,0.35511009156679113,0.35507602864757737,0.3550419629339326,0.35500789442939773,0.35497382313751175,0.3549397490618127,0.35490567220583574,0.35487159257311496,0.35483751016718235,0.3548034249915685,0.3547693370498022,0.3547352463454105,0.3547011528819182,0.35466705666284926,0.354632957691725,0.35459885597206603,0.35456475150738986,0.3545306443012135,0.3544965343570519,0.354462421678418,0.35442830626882293,0.35439418813177676,0.35436006727078684,0.3543259436893594,0.3542918173909991,0.35425768837920857,0.3542235566574887,0.3541894222293383,0.3541552850982554,0.35412114526773547,0.3540870027412728,0.35405285752236,0.35401870961448717,0.35398455902114345,0.3539504057458158,0.3539162497919896,0.35388209116314884,0.3538479298627752,0.35381376589434893,0.3537795992613487,0.3537454299672515,0.35371125801553205,0.3536770834096637,0.35364290615311816,0.35360872624936596,0.3535745437018748,0.35354035851411114,0.3535061706895403,0.3534719802316253,0.35343778714382723,0.3534035914296059,0.3533693930924193,0.35333519213572384,0.3533009885629736,0.3532667823776219,0.3532325735831198,0.35319836218291656,0.3531641481804599,0.3531299315791959,0.3530957123825689,0.3530614905940214,0.3530272662169944,0.3529930392549269,0.3529588097112566,0.3529245775894192,0.35289034289284865,0.35285610562497727,0.35282186578923613,0.3527876233890542,0.35275337842785837,0.3527191309090745,0.35268488083612626,0.3526506282124359,0.3526163730414244,0.35258211532650996,0.3525478550711099,0.3525135922786399,0.3524793269525132,0.3524450590961423,0.3524107887129374,0.3523765158063072,0.3523422403796585,0.35230796243639645,0.3522736819799251,0.35223939901364587,0.35220511354095935,0.35217082556526375,0.3521365350899562,0.35210224211843166,0.3520679466540839,0.35203364870030435,0.3519993482604833,0.35196504533800904,0.3519307399362685,0.3518964320586467,0.3518621217085269,0.35182780888929066,0.3517934936043182,0.3517591758569882,0.35172485565067685,0.35169053298875935,0.351656207874609,0.35162188031159747,0.35158755030309474,0.35155321785246896,0.35151888296308686,0.35148454563831344,0.35145020588151193,0.3514158636960439,0.3513815190852693,0.3513471720525468,0.3513128226012324,0.3512784707346816,0.3512441164562469,0.35120975976928065,0.3511754006771325,0.35114103918315065,0.3511066752906818,0.3510723090030709,0.35103794032366126,0.3510035692557941,0.35096919580281016,0.350934819968047,0.3509004417548421,0.35086606116652974,0.3508316782064432,0.3507972928779144,0.35076290518427333,0.35072851512884845,0.3506941227149661,0.35065972794595146,0.3506253308251282,0.3505909313558176,0.3505565295413399,0.3505221253850139,0.35048771889015595,0.35045331006008124,0.35041889889810307,0.3503844854075333,0.3503500695916825,0.350315651453859,0.3502812309973695,0.35024680822551957,0.3502123831416126,0.35017795574895033,0.3501435260508333,0.35010909405055984,0.3500746597514275,0.3500402231567314,0.350005784269765,0.3499713430938205,0.3499368996321885,0.34990245388815777,0.34986800586501526,0.34983355556604656,0.349799102994536,0.3497646481537652,0.3497301910470151,0.3496957316775644,0.34966127004869085,0.34962680616366976,0.3495923400257754,0.34955787163828017,0.3495234010044549,0.34948892812756865,0.3494544530108888,0.34941997565768196,0.3493854960712117,0.34935101425474085,0.34931653021153053,0.3492820439448399,0.3492475554579273,0.3492130647540484,0.34917857183645773,0.3491440767084083,0.34910957937315135,0.3490750798339363,0.34904057809401173,0.34900607415662344,0.3489715680250166,0.3489370597024342,0.3489025491921178,0.3488680364973072,0.3488335216212408,0.34879900456715557,0.34876448533828636,0.3487299639378665,0.34869544036912775,0.34866091463530036,0.34862638673961305,0.3485918566852927,0.3485573244755646,0.348522790113653,0.34848825360277963,0.348453714946165,0.3484191741470282,0.3483846312085867,0.34835008613405577,0.3483155389266497,0.34828098958958104,0.34824643812606065,0.34821188453929786,0.34817732883250047,0.34814277100887414,0.3481082110716236,0.34807364902395155,0.34803908486905927,0.34800451861014653,0.34796995025041144,0.3479353797930503,0.3479008072412579,0.3478662325982278,0.34783165586715126,0.3477970770512187,0.34776249615361815,0.3477279131775366,0.3476933281261596,0.3476587410026707,0.3476241518102517,0.34758956055208334,0.3475549672313446,0.3475203718512123,0.3474857744148625,0.3474511749254693,0.3474165733862051,0.34738196980024055,0.34734736417074547,0.3473127565008871,0.3472781467938322,0.34724353505274497,0.3472089212807884,0.34717430548112416,0.3471396876569118,0.3471050678113098,0.34707044594747405,0.3470358220685602,0.3470011961777216,0.3469665682781106,0.3469319383728769,0.3468973064651695,0.3468626725581354,0.34682803665492035,0.34679339875866805,0.3467587588725211,0.34672411699962047,0.34668947314310505,0.34665482730611286,0.34662017949177965,0.34658552970324036,0.3465508779436277,0.34651622421607337,0.34648156852370654,0.3464469108696557,0.346412251257048,0.3463775896890078,0.34634292616865886,0.34630826069912346,0.3462735932835217,0.3462389239249724,0.3462042526265929,0.34616957939149895,0.3461349042228044,0.3461002271236218,0.3460655480970623,0.34603086714623527,0.34599618427424855,0.3459614994842084,0.3459268127792195,0.3458921241623852,0.34585743363680693,0.34582274120558476,0.34578804687181713,0.3457533506386011,0.3457186525090319,0.3456839524862033,0.3456492505732079,0.345614546773136,0.3455798410890769,0.34554513352411825,0.34551042408134597,0.3454757127638446,0.34544099957469687,0.3454062845169844,0.3453715675937869,0.34533684880818266,0.34530212816324846,0.34526740566205916,0.34523268130768886,0.3451979551032093,0.34516322705169095,0.34512849715620286,0.3450937654198125,0.3450590318455858,0.34502429643658694,0.34498955919587865,0.3449548201265224,0.34492007923157775,0.34488533651410286,0.3448505919771546,0.34481584562378764,0.34478109745705554,0.3447463474800102,0.34471159569570253,0.3446768421071811,0.3446420867174932,0.3446073295296852,0.34457257054680096,0.3445378097718831,0.3445030472079731,0.34446828285811054,0.3444335167253338,0.34439874881267935,0.34436397912318256,0.34432920765987646,0.3442944344257932,0.34425965942396364,0.34422488265741635,0.3441901041291791,0.3441553238422774,0.34412054179973595,0.3440857580045775,0.3440509724598233,0.34401618516849325,0.3439813961336058,0.3439466053581774,0.34391181284522315,0.3438770185977569,0.34384222261879094,0.3438074249113357,0.3437726254784003,0.3437378243229929,0.3437030214481189,0.3436682168567831,0.3436334105519887,0.34359860253673696,0.34356379281402816,0.34352898138686067,0.3434941682582313,0.3434593534311356,0.34342453690856756,0.3433897186935198,0.3433548987889828,0.34332007719794605,0.34328525392339776,0.3432504289683242,0.3432156023357098,0.3431807740285384,0.3431459440497917,0.34311111240244996,0.34307627908949195,0.34304144411389487,0.3430066074786348,0.3429717691866858,0.3429369292410208,0.3429020876446113,0.3428672444004269,0.34283239951143535,0.342797552980604,0.3427627048108979,0.34272785500528086,0.3426930035667154,0.34265815049816173,0.3426232958025794,0.34258843948292617,0.3425535815421584,0.3425187219832307,0.34248386080909626,0.34244899802270706,0.342414133627013,0.3423792676249632,0.34234440001950484,0.3423095308135835,0.3422746600101434,0.3422397876121276
